D	rs4310446	rs4844610	rs35119500	rs6431219	rs4663099	rs7561528	rs6733839	rs744373	rs6724734	rs4690324	rs4690221	rs3822030	rs31930	rs11133794	rs9687011	rs113706587	rs2233397	rs1065712	rs12680584	rs1532278	rs4909472	rs10761089	rs7085177	rs7232	rs11824734	rs536841	rs471470	rs2888903	rs3851179	rs6489896	rs4074324	rs3095574	rs11078722	rs1108062	rs3795065	rs3752246	rs4803750	rs28399637	rs8113311	rs10402271	rs519825	rs387976	rs11667640	rs6859	rs157580	rs2075650	rs1160985	rs405509	rs440446	rs769449	rs429358	rs7412	rs439401	rs5167	rs11083752	rs7257610	rs3786505	rs28469095	rs2627641	rs10411314	rs62118504	rs7255345	rs6069736	rs6127744
-0.347322	1	0	0	1	1	1	0	0	1	0	1	0	0	0	1	1	0	1	1	0	0	1	1	0	0	1	1	1	1	0	1	0	0	1	1	1	0	1	0	1	1	1	0	1	1	1	0	0	1	1	1	0	1	0	1	0	0	0	0	0	0	1	0	0
-0.482204	1	0	0	2	0	2	0	0	1	0	0	1	1	1	1	0	0	0	1	0	1	0	0	0	0	0	0	0	0	0	0	0	0	1	0	0	0	1	0	2	0	0	0	0	0	0	1	2	0	0	1	0	0	1	2	1	1	1	2	1	1	1	0	0
-0.382862	1	0	0	1	0	1	1	1	0	1	1	1	0	0	0	1	1	0	0	2	0	1	0	0	2	1	1	1	0	0	0	1	1	1	0	0	0	1	0	2	1	0	0	1	0	1	2	2	0	0	0	0	0	0	0	0	0	0	0	0	2	1	0	0
-0.476194	0	0	0	1	0	1	2	1	2	0	1	1	0	0	1	0	1	0	1	0	0	0	0	0	0	1	1	2	1	0	0	1	1	1	0	0	0	0	1	0	1	1	0	1	1	1	0	0	1	1	1	0	1	1	1	0	0	0	1	0	1	2	0	0
-0.436207	0	0	0	1	0	0	1	0	1	0	0	2	0	0	1	0	1	0	1	1	1	2	0	1	1	1	1	1	1	1	0	0	0	1	0	0	0	1	0	1	1	0	0	0	0	0	2	2	0	0	0	1	0	1	2	0	1	0	1	1	0	2	0	0
-0.318974	1	1	0	0	0	0	2	0	1	1	0	1	0	0	1	0	0	0	0	1	0	1	0	0	0	0	0	0	0	0	2	1	0	0	2	0	0	0	1	1	1	1	0	2	0	1	1	1	1	0	0	0	2	1	1	0	1	1	0	0	0	1	0	0
-0.426596	0	2	0	0	1	0	0	0	1	0	2	0	1	1	1	1	1	0	0	1	1	0	0	0	0	2	2	2	2	0	1	1	0	0	1	0	0	1	1	0	1	1	0	2	1	0	1	1	1	0	0	0	1	0	1	0	0	0	0	0	1	0	0	0
-0.444287	0	1	0	0	0	0	1	0	1	1	0	2	0	0	1	0	2	0	1	1	0	0	0	0	0	1	1	1	1	1	0	0	1	1	2	0	0	2	0	1	0	0	1	0	1	0	1	1	1	0	0	0	1	0	1	0	0	0	0	0	1	1	0	0
-0.497091	1	1	0	1	1	1	1	1	1	0	2	0	0	0	1	1	0	0	1	1	2	0	0	0	0	1	1	1	1	0	0	0	1	0	2	0	0	1	2	0	0	1	0	1	1	0	1	1	1	0	0	0	1	1	1	0	1	0	0	0	2	0	1	1
-0.332319	0	0	0	1	0	1	0	0	0	2	0	2	0	0	0	0	0	0	0	0	1	1	0	1	0	1	1	1	1	0	1	1	2	2	1	0	0	1	1	0	0	2	0	0	2	0	0	0	2	0	0	0	2	1	2	0	1	0	0	0	1	1	0	0
-0.416578	0	0	0	1	0	1	1	1	0	0	0	1	0	0	0	0	0	0	1	0	1	0	0	0	0	1	0	1	1	0	0	2	1	0	1	1	0	1	0	0	1	0	1	1	1	1	0	0	1	1	1	0	1	1	1	0	1	0	0	0	0	1	0	0
-0.380822	0	0	0	1	0	0	1	0	1	0	1	1	0	0	1	0	0	0	1	1	1	2	0	1	1	0	0	1	0	0	1	0	1	0	0	1	0	1	0	1	1	0	0	1	1	0	1	1	1	0	0	0	1	1	1	0	1	0	0	0	1	1	1	1
-0.431969	1	1	0	1	0	1	2	0	0	0	1	1	1	1	1	0	2	0	0	2	0	2	0	0	0	1	1	1	2	0	1	0	0	1	1	0	0	1	0	1	0	1	0	0	1	0	0	0	1	1	1	0	1	0	0	0	0	0	0	0	1	2	0	0
-0.433644	1	0	0	0	1	0	0	0	1	0	1	1	0	0	0	0	1	0	1	1	1	0	0	1	1	1	1	1	1	1	0	0	0	1	1	0	0	2	0	2	2	0	0	2	0	2	0	0	1	1	1	0	1	0	1	0	0	0	1	1	0	2	0	0
-0.490514	1	1	1	1	1	1	1	1	1	0	0	0	0	0	1	1	0	0	1	1	1	1	1	0	0	2	2	2	2	0	1	1	1	1	0	0	0	1	0	0	0	2	0	0	1	1	0	0	1	1	1	0	1	0	0	0	0	0	1	0	1	1	0	0
-0.422344	1	1	2	1	0	1	0	0	1	0	0	2	0	0	2	0	0	2	0	1	1	1	0	1	1	1	1	1	1	0	0	0	0	1	0	0	0	0	1	0	1	1	0	1	1	0	1	1	1	0	0	0	0	1	1	0	1	0	0	0	2	1	0	0
-0.347481	0	0	0	0	0	0	1	0	0	0	0	2	0	0	1	0	1	0	0	1	0	1	0	0	0	1	1	1	1	0	0	1	1	0	1	0	0	1	2	0	1	1	0	1	1	0	1	1	1	0	0	0	1	1	1	0	1	1	1	0	0	1	0	0
-0.340496	0	0	1	2	0	1	0	0	1	0	1	1	0	0	2	0	0	0	0	1	1	2	0	0	1	0	0	0	0	0	0	0	0	0	0	0	0	0	0	0	1	1	0	1	1	0	1	1	1	0	0	0	1	1	1	0	1	0	0	0	1	1	0	0
-0.559074	0	1	0	0	2	0	0	0	0	0	2	0	0	0	1	0	0	1	1	0	2	0	0	1	1	1	1	2	1	0	1	0	1	2	1	0	0	0	1	0	1	0	1	0	0	0	1	2	0	0	1	0	1	0	1	1	1	0	0	0	0	1	1	1
-0.432422	1	1	1	1	0	1	1	1	1	0	0	2	1	1	0	0	0	0	2	0	1	2	0	1	1	1	1	1	2	0	2	0	1	1	0	0	0	0	0	0	1	1	0	1	1	0	1	1	1	0	0	0	1	1	1	0	1	0	1	0	1	1	0	0
-0.356798	0	1	0	1	0	1	2	1	2	1	0	2	0	0	1	0	0	0	0	0	1	1	0	0	0	1	1	2	1	0	1	1	1	0	0	0	1	0	0	1	1	0	0	1	1	0	1	1	1	0	0	0	1	1	1	0	1	0	0	0	1	1	0	0
-0.31635	1	1	0	1	0	1	2	1	0	1	1	1	0	0	2	0	0	0	0	2	0	1	0	0	1	2	2	2	2	0	0	0	0	0	0	0	0	0	1	1	1	0	0	1	0	0	1	2	0	0	0	1	0	1	1	1	1	0	0	0	2	0	0	0
-0.450085	0	0	0	1	1	1	1	1	0	0	1	1	0	0	1	0	0	0	1	1	1	2	0	0	0	1	1	1	1	0	0	1	0	0	1	0	0	1	0	1	1	0	0	1	1	0	1	1	1	0	0	0	1	0	1	0	0	0	2	0	1	1	0	0
-0.516588	0	0	0	2	0	2	2	2	0	1	0	2	0	0	0	0	0	0	0	0	1	0	0	1	1	1	1	2	1	0	0	1	1	2	0	0	0	1	1	0	1	1	0	1	0	1	1	1	1	0	0	0	1	1	0	0	0	0	0	0	0	1	0	0
-0.348463	1	1	0	0	1	0	1	0	1	0	1	1	0	0	1	0	1	0	0	2	1	1	0	0	0	1	1	2	1	0	1	2	1	0	0	0	0	0	0	1	1	0	1	0	1	0	1	1	1	0	0	0	1	0	0	0	0	0	0	0	1	1	0	0
-0.511018	1	2	0	1	0	1	1	1	2	0	1	1	1	2	1	0	1	0	0	2	1	1	0	1	1	0	0	0	1	0	0	1	1	0	1	0	1	1	0	1	1	0	0	1	0	0	2	2	0	0	0	0	0	1	1	0	1	0	0	0	1	0	1	1
-0.386488	1	1	2	1	0	1	2	1	1	1	1	1	0	0	1	1	0	1	1	1	1	1	1	1	1	1	1	1	1	0	1	1	1	0	0	1	0	1	1	1	1	1	0	1	0	1	0	0	1	1	1	0	1	0	1	0	0	0	0	0	0	0	0	0
-0.408341	1	1	0	1	0	1	2	1	0	0	0	1	0	0	1	0	0	0	1	1	1	1	1	0	0	0	0	1	0	0	2	0	1	0	1	0	0	0	1	1	1	1	0	2	0	1	1	1	1	0	0	0	2	1	2	1	2	1	1	0	0	1	1	1
-0.484413	0	0	0	1	1	1	0	0	0	0	1	1	0	0	0	0	1	0	1	0	1	1	0	0	0	0	1	1	1	0	1	2	1	2	1	0	1	0	1	1	1	1	0	1	1	0	1	1	1	0	0	0	1	0	0	0	0	0	0	0	2	0	0	0
-0.529679	0	0	0	1	1	0	0	0	0	0	2	0	0	0	2	0	0	0	1	0	1	0	1	1	0	0	1	1	1	0	1	0	1	0	2	2	0	0	1	1	2	0	0	2	0	0	2	2	0	0	0	0	0	1	1	0	1	0	0	0	0	1	0	0
-0.439062	1	1	0	0	0	1	1	1	0	0	2	0	0	0	0	0	0	0	1	1	1	1	0	0	0	1	1	2	1	0	0	0	0	1	1	0	0	0	0	0	1	0	1	1	1	1	0	0	1	1	1	0	1	0	0	0	0	0	0	0	0	2	0	0
-0.495237	2	2	0	0	1	0	0	0	0	0	2	0	0	0	1	0	1	0	0	1	1	0	0	2	2	1	1	1	1	0	0	1	1	0	1	0	0	2	1	1	0	1	0	1	1	0	1	1	1	0	0	0	1	1	1	0	-9	0	0	0	1	0	0	0
-0.473537	1	1	0	0	0	0	0	0	0	0	1	0	0	0	2	0	1	0	0	2	1	1	0	1	2	0	0	0	0	0	0	0	1	1	1	0	0	1	2	0	1	1	0	2	0	1	1	1	0	1	1	0	0	1	1	0	0	0	1	0	1	0	0	0
-0.370421	1	1	0	2	0	2	1	1	0	0	2	0	0	0	0	0	0	0	0	1	1	2	0	0	1	1	1	1	1	0	0	1	0	0	0	1	0	1	0	1	0	1	0	0	1	0	1	1	1	0	0	0	0	1	0	0	0	1	0	0	0	1	0	0
-0.486956	1	1	1	1	0	1	0	0	0	0	2	0	0	0	1	0	0	0	0	1	1	1	0	2	1	0	0	0	0	1	1	0	2	2	1	0	0	0	1	1	1	1	0	1	0	0	2	2	0	0	0	0	1	2	2	0	2	0	0	1	0	0	0	0
-0.570973	0	0	0	1	1	1	1	1	1	0	0	2	0	0	1	1	0	0	0	1	1	1	1	1	1	1	1	1	1	0	1	0	0	0	1	0	0	0	1	1	0	1	0	1	0	0	2	2	0	0	0	0	1	1	1	0	1	0	0	0	1	1	0	0
-0.39776	0	0	0	1	1	1	1	1	0	0	2	0	0	0	0	0	1	0	1	1	1	2	0	1	1	0	0	1	0	0	0	1	1	1	2	0	0	0	1	0	1	1	0	2	0	1	1	1	0	1	1	0	1	1	1	0	1	1	1	0	0	1	0	0
-0.371017	0	0	1	2	0	2	2	2	1	0	1	1	0	0	1	0	0	1	0	0	1	1	0	0	0	0	0	1	0	0	1	0	1	0	0	0	0	1	1	1	0	1	0	0	2	0	0	1	1	0	0	1	1	0	1	0	0	0	0	0	1	0	0	0
-0.437751	0	0	0	0	1	0	1	0	0	1	0	1	0	1	1	0	1	0	1	1	2	1	1	1	2	0	0	1	0	0	0	0	1	2	0	0	0	1	2	0	0	1	1	0	2	0	0	0	2	0	0	0	2	0	0	0	0	0	0	0	1	2	0	0
-0.387373	1	0	0	2	0	2	1	1	0	0	1	0	1	1	0	1	1	0	1	0	2	1	0	2	1	0	0	0	0	0	0	2	0	0	1	0	0	1	0	1	2	0	0	1	0	1	1	1	0	1	1	0	0	1	1	0	1	0	1	1	0	1	0	0
-0.402891	1	1	1	1	0	1	1	1	0	1	0	2	0	0	1	0	0	0	0	2	0	1	0	1	0	1	1	1	1	0	0	0	0	0	0	0	0	0	0	0	2	0	0	1	0	0	2	2	0	0	0	1	0	0	0	0	0	0	0	0	0	0	1	1
0.459461	0	0	0	1	0	0	0	1	0	0	2	0	0	1	1	0	0	0	0	1	0	0	1	1	1	1	1	1	1	0	0	1	1	0	1	0	0	1	1	0	1	1	0	1	2	0	0	0	2	0	0	0	1	0	1	0	0	1	0	0	1	1	0	0
-0.594891	2	1	0	1	0	1	0	0	1	0	1	1	0	0	0	0	0	0	1	0	2	0	0	1	1	1	1	1	1	0	1	1	1	2	0	1	0	1	1	1	1	1	0	1	1	0	1	1	1	0	0	0	1	2	1	0	1	0	0	0	0	1	0	0
0.42135	1	0	0	2	0	1	1	1	0	0	0	1	0	0	1	1	0	1	0	1	1	1	0	1	2	1	1	1	1	1	0	0	2	0	2	0	0	1	0	1	0	1	0	0	0	0	0	1	0	1	2	0	0	1	1	1	1	0	2	1	0	1	0	0
0.459146	0	0	0	2	0	1	0	1	0	0	1	0	1	1	1	0	0	0	0	1	2	1	0	2	1	0	1	1	1	1	0	1	1	0	1	0	0	1	1	1	0	1	0	0	0	2	0	0	0	2	2	0	0	0	0	0	0	1	0	0	0	0	1	1
-0.639723	0	0	1	0	1	0	0	0	0	0	0	1	0	0	0	1	0	1	0	1	1	2	0	1	0	1	1	1	1	0	1	0	0	2	0	0	0	0	2	0	0	1	1	1	0	0	1	2	0	0	1	0	1	0	0	0	0	0	0	0	1	1	0	0
0.414954	1	1	0	2	0	2	2	2	1	1	1	1	0	0	1	0	0	0	1	1	1	0	0	1	0	0	0	0	0	0	1	0	1	0	0	0	1	1	1	1	1	1	0	2	0	1	1	1	0	1	1	0	1	0	0	0	0	1	0	0	0	0	0	0
0.455506	1	1	0	0	0	0	1	0	0	0	1	1	0	0	1	0	1	0	0	1	2	1	0	1	1	1	1	1	1	0	0	0	0	2	1	0	0	1	0	1	0	0	1	0	1	0	1	1	1	0	0	0	1	2	2	0	2	0	1	0	0	1	0	0
-0.475087	1	0	0	1	1	1	1	1	1	0	1	0	1	1	2	0	0	0	1	0	1	0	0	1	2	1	1	1	2	0	0	0	0	1	1	0	0	0	1	0	1	0	0	1	2	0	0	0	2	0	0	0	2	1	1	0	1	0	0	0	0	0	1	1
-0.560919	1	1	1	1	0	0	0	0	0	0	2	0	0	0	1	1	1	0	1	0	0	0	1	0	2	1	1	1	1	0	1	0	1	0	0	0	0	1	0	1	1	1	0	1	1	1	0	0	2	0	0	0	2	0	0	0	0	0	0	0	1	1	1	1
-0.469372	0	0	0	1	0	0	1	0	0	0	2	0	1	1	1	0	0	0	0	1	1	0	0	0	0	1	0	2	0	1	0	0	0	1	0	0	0	0	0	0	0	2	0	1	0	1	0	1	0	1	2	0	0	1	1	0	1	0	0	0	0	2	0	0
-0.0124977	0	1	0	1	0	1	1	0	0	0	1	0	0	0	1	0	1	0	1	1	0	1	2	1	1	2	2	2	2	0	0	1	1	1	0	0	0	0	0	1	2	0	0	1	0	1	1	1	1	0	0	0	1	0	0	0	0	0	0	0	2	1	0	0
-0.56888	0	0	0	1	0	1	2	1	0	0	0	0	1	1	1	0	0	0	2	0	1	0	0	1	0	1	1	2	1	0	1	0	0	0	1	1	0	1	0	1	0	1	0	0	1	0	1	1	1	0	0	0	1	1	1	0	1	0	0	0	1	1	0	0
-0.604259	1	1	1	0	1	0	0	0	1	0	0	1	0	0	1	0	0	0	1	1	2	2	0	0	0	0	0	0	0	0	0	1	0	1	0	0	0	1	0	1	0	1	0	0	2	0	0	0	2	0	0	0	1	1	2	0	1	0	1	1	1	1	0	0
-0.540243	1	1	0	0	0	0	2	0	1	1	1	1	0	0	2	0	0	0	1	0	0	0	0	1	1	0	0	0	0	0	0	0	0	0	1	1	0	1	0	1	2	0	0	2	1	1	0	0	1	1	1	0	1	0	0	0	0	0	0	0	2	1	0	0
0.447493	1	1	1	0	1	0	0	0	0	2	0	2	0	0	0	0	1	0	0	1	2	0	0	0	1	1	1	1	1	0	0	1	0	0	1	0	0	2	0	2	0	0	1	0	1	1	0	0	1	1	1	0	1	0	1	0	0	0	0	0	0	1	0	0
-0.555848	0	0	0	0	1	0	1	0	0	0	1	1	0	0	0	0	0	0	0	1	1	1	1	1	1	1	1	2	1	0	0	0	2	2	1	0	1	0	1	0	0	2	0	0	2	0	0	1	1	0	0	1	1	1	1	0	0	0	0	0	1	2	1	1
0.524013	0	0	0	1	0	1	2	1	2	0	2	0	0	0	0	0	1	0	2	0	0	2	0	1	1	1	1	1	1	0	1	1	1	0	1	0	0	0	0	1	0	1	0	0	1	0	1	1	1	0	0	0	0	1	1	0	1	0	1	0	1	1	2	2
0.383564	0	1	1	0	0	0	0	0	1	0	0	2	0	0	1	0	1	0	1	0	1	1	1	0	0	2	2	2	2	0	2	0	1	1	0	0	0	0	0	1	1	0	0	1	0	2	0	0	1	1	1	0	1	1	1	0	1	1	1	0	0	2	1	1
0.496332	1	0	0	1	0	1	2	1	1	0	1	0	0	0	1	1	0	0	1	0	0	2	0	0	0	0	1	1	1	0	1	0	0	0	1	0	0	1	0	1	1	1	0	1	1	1	0	0	1	1	1	0	0	0	0	0	0	0	0	0	2	1	0	0
-0.510092	0	1	0	0	2	0	0	0	0	0	2	0	0	0	0	0	0	0	1	0	1	1	0	0	0	2	2	2	2	0	1	0	0	1	1	0	0	0	1	0	1	1	0	1	1	0	1	1	1	0	0	0	1	0	2	0	0	0	1	0	1	1	0	0
-0.590454	0	0	0	1	1	1	1	1	0	1	1	1	0	0	2	0	0	0	1	1	1	2	0	1	1	1	1	1	1	0	0	2	1	0	1	0	0	2	0	2	0	1	0	0	1	0	1	1	1	0	0	0	1	2	1	1	-9	0	1	0	0	1	0	0
-0.62907	0	0	0	1	0	1	1	0	1	1	0	2	0	0	1	0	1	0	1	0	0	1	0	1	1	1	1	1	1	0	0	1	0	1	0	0	1	0	1	1	0	2	0	1	1	0	1	2	0	0	0	1	1	1	1	0	1	0	0	0	1	0	0	0
-0.543466	0	0	0	0	0	0	1	0	0	0	0	0	0	0	0	0	0	0	0	1	1	1	0	0	0	1	1	1	1	0	0	0	1	1	0	0	0	0	1	0	0	1	0	2	0	0	1	2	0	0	1	0	1	0	1	0	0	0	0	0	1	1	0	0
-0.596421	0	1	1	1	0	1	1	1	1	0	1	1	0	0	0	0	1	1	1	0	2	1	0	1	0	0	0	1	0	0	0	1	1	1	1	1	0	0	2	0	1	1	0	2	0	0	2	2	0	0	0	0	1	1	1	0	1	1	0	0	0	1	0	0
-0.545132	1	0	0	0	1	0	0	0	0	0	2	0	0	0	1	0	1	0	1	0	1	1	1	0	0	1	1	1	1	0	0	0	1	2	1	0	0	0	0	2	0	0	0	0	0	0	2	2	0	0	0	0	0	0	0	0	0	0	0	0	1	2	0	0
0.386014	0	0	0	0	0	0	0	0	1	1	0	2	0	0	0	1	0	0	1	1	1	0	0	0	1	1	1	1	1	0	0	0	1	0	2	1	0	2	1	1	1	1	0	1	1	1	0	0	1	1	1	0	1	1	1	0	1	0	0	0	0	0	0	1
-0.534411	0	0	0	1	0	1	1	1	1	1	0	2	0	1	0	0	0	0	0	1	0	0	0	0	0	0	0	0	0	0	0	1	0	0	1	1	0	2	1	1	1	1	0	1	1	1	0	0	1	1	1	0	1	1	1	0	1	0	1	0	0	0	1	1
0.337345	0	0	0	1	0	1	1	1	1	0	1	0	0	0	0	0	1	0	1	0	1	2	0	2	2	0	0	0	0	1	0	0	1	0	1	0	0	1	0	1	2	0	0	2	1	1	0	0	1	1	1	0	1	1	1	0	1	1	0	0	2	0	0	0
0.410954	0	1	0	1	1	1	0	0	1	0	1	1	0	0	0	0	1	0	1	1	1	0	0	1	1	1	1	1	1	0	0	0	0	0	0	0	0	2	1	1	0	1	0	1	1	1	0	0	1	1	1	0	1	0	1	0	0	0	0	0	2	1	1	1
0.430935	0	0	0	1	1	1	1	1	1	0	0	1	0	0	1	0	0	1	1	1	0	0	0	1	1	1	1	1	0	0	0	0	0	1	2	1	0	0	0	1	0	1	0	0	1	0	1	1	1	0	0	0	1	0	0	0	0	0	0	1	1	1	0	0
-0.0154272	0	0	0	2	0	0	0	0	1	0	0	1	0	0	0	0	1	0	1	0	0	0	1	0	0	1	1	1	2	0	0	0	1	0	0	0	0	1	1	1	0	1	0	1	0	1	1	1	0	1	1	0	0	1	1	0	1	0	0	0	1	2	0	0
0.362875	0	0	1	1	1	0	1	0	1	1	1	1	0	1	2	0	0	1	0	0	0	1	0	0	0	1	1	1	1	0	1	0	1	0	2	1	0	0	0	1	1	0	0	1	0	1	1	1	0	1	1	0	0	1	2	0	1	0	0	0	1	2	0	0
0.443202	0	1	0	0	0	0	2	0	0	0	0	2	0	0	1	0	1	0	2	0	1	1	0	1	1	0	1	1	1	0	0	0	0	1	1	0	0	0	0	1	1	0	0	0	2	0	0	2	0	0	1	0	0	1	1	1	1	1	1	0	0	2	0	0
0.364104	1	0	0	1	1	1	1	1	0	0	0	0	0	0	0	0	0	0	0	0	0	2	0	0	0	1	2	2	2	0	0	0	2	0	0	1	0	0	1	0	1	1	0	1	1	0	1	1	1	0	0	0	2	1	1	0	1	1	1	0	0	1	1	1
0.472199	0	0	1	1	0	1	2	1	0	0	0	2	0	0	2	0	0	0	0	1	2	0	0	1	0	2	2	2	2	0	1	1	1	0	1	0	0	1	0	1	1	1	0	1	1	0	1	1	1	0	0	0	1	1	1	0	1	0	0	0	1	1	0	0
0.424742	0	1	0	1	0	1	1	1	2	0	1	1	0	0	1	0	0	0	0	1	1	0	0	1	1	2	2	2	2	0	0	0	1	0	2	2	0	1	0	1	1	1	0	1	1	1	0	0	0	2	2	0	0	1	1	0	0	1	0	0	1	1	0	0
0.480386	0	1	0	0	1	0	1	0	1	1	0	2	1	1	0	0	1	0	0	1	2	1	0	0	0	1	1	1	1	0	0	1	1	1	1	1	0	1	0	1	2	0	0	2	0	2	0	0	0	2	2	0	0	0	0	0	0	1	0	0	1	1	0	0
0.424261	0	0	0	1	0	1	2	1	1	0	2	0	1	1	0	1	0	0	0	1	0	1	0	1	0	0	0	0	0	0	0	0	1	0	0	0	0	2	1	1	0	1	0	1	0	1	1	1	0	1	1	0	0	1	1	1	2	0	1	0	0	1	0	0
0.416301	0	0	0	1	1	1	1	1	0	1	0	2	0	0	0	0	0	0	0	2	0	2	0	0	0	0	0	1	0	0	0	0	1	0	1	1	0	1	1	0	1	1	0	2	0	2	0	0	0	2	2	0	0	0	2	0	0	0	0	0	1	1	0	0
0.487154	1	1	1	1	1	1	0	0	1	0	0	1	0	0	1	0	0	0	0	1	0	0	0	1	1	0	0	0	2	0	1	0	1	1	1	0	0	0	1	0	1	0	0	0	0	0	2	2	0	0	0	1	0	1	1	0	1	1	0	0	0	1	0	0
-0.486798	0	1	1	2	0	1	1	1	1	1	0	2	0	0	2	1	0	0	0	1	0	0	0	1	1	0	1	1	2	0	0	0	0	0	1	1	0	2	1	1	0	1	0	0	1	0	0	0	1	1	1	0	1	0	0	0	0	0	0	0	0	0	0	0
0.416557	0	0	0	1	1	1	1	1	1	0	2	0	0	0	0	0	0	0	0	1	2	1	0	2	2	1	1	2	1	0	0	1	1	1	1	1	0	1	0	1	1	0	0	1	1	0	1	1	1	0	0	0	1	1	1	1	1	0	0	0	1	0	0	0
0.541788	0	0	0	0	1	0	0	1	0	0	1	0	0	0	0	0	1	0	0	1	0	2	0	0	1	0	0	1	0	0	0	0	0	0	0	1	0	0	1	0	1	1	0	1	1	0	1	1	1	0	0	0	1	0	0	0	0	0	0	0	1	0	0	0
-0.506085	0	0	0	0	1	0	1	0	0	1	0	2	0	0	1	0	0	0	2	0	0	1	0	1	1	0	0	0	0	0	0	2	0	1	0	0	0	0	0	0	1	0	0	0	0	0	2	2	0	0	0	0	0	0	1	0	0	0	1	0	1	1	0	0
0.465288	0	0	0	1	0	0	1	1	1	0	0	2	0	0	1	0	0	0	0	0	1	0	0	0	0	0	0	1	1	0	1	1	0	1	0	0	0	1	0	2	1	0	0	1	0	1	1	1	0	1	1	0	0	1	2	0	2	1	0	0	1	1	0	0
-0.69571	0	0	1	2	0	2	2	2	0	0	1	0	1	1	0	0	0	0	1	0	1	0	0	1	1	0	0	1	0	0	0	1	1	1	0	0	0	1	0	1	1	1	0	1	1	0	1	1	1	0	0	0	0	0	0	0	0	0	0	0	0	2	1	1
-0.601396	0	0	0	1	0	1	1	1	0	0	1	1	0	0	1	2	0	0	0	1	1	2	1	0	1	0	0	0	0	0	0	0	0	1	2	1	0	1	0	1	0	1	0	0	0	1	1	1	0	1	1	0	0	1	1	0	1	0	1	0	0	1	0	0
0.364427	1	1	0	1	1	1	0	0	0	0	1	1	0	0	1	0	1	0	1	1	1	1	0	1	1	1	1	1	1	0	0	1	0	0	2	0	0	1	1	0	2	0	0	2	0	2	0	0	0	2	2	0	0	0	0	0	0	0	0	0	0	1	0	0
0.505458	1	0	0	1	0	1	1	0	1	0	2	0	0	0	2	0	0	0	1	1	2	2	1	2	1	2	2	2	2	0	0	0	1	0	0	0	0	0	1	0	1	2	0	0	1	0	0	1	1	0	1	0	1	1	1	0	1	0	0	0	1	2	0	0
0.424436	0	0	0	0	1	0	0	0	1	1	0	2	0	0	0	0	0	0	1	0	2	1	0	1	1	1	1	1	1	0	1	1	1	0	1	0	0	2	0	2	1	0	1	1	0	1	1	1	0	1	1	0	0	0	0	0	0	0	0	0	1	2	1	1
-0.613835	1	0	0	1	1	1	0	0	0	0	1	0	0	1	2	0	1	0	0	1	0	1	0	0	0	1	1	2	1	0	1	1	0	0	1	1	0	2	0	2	1	0	0	1	0	1	1	1	0	1	1	0	0	0	0	0	0	0	1	0	1	2	0	0
-0.555789	0	0	0	1	1	1	1	1	1	0	0	1	0	0	1	0	0	1	1	0	0	2	0	1	0	0	1	1	1	0	0	0	1	0	0	1	0	1	0	1	1	0	1	1	1	1	0	0	1	1	1	0	1	0	1	0	0	0	0	0	1	2	1	1
0.334746	1	0	0	0	0	0	0	0	0	0	1	1	0	0	0	1	0	0	1	0	0	1	0	0	1	1	1	1	1	0	0	1	1	1	0	0	0	1	0	1	0	1	0	0	1	0	0	1	1	0	1	-9	1	2	1	1	1	-9	0	0	0	2	0	0
-0.20547	0	0	0	1	0	1	1	1	0	0	2	0	0	0	0	0	2	0	1	1	1	2	0	1	2	1	1	1	1	0	2	2	1	1	1	1	0	1	0	1	2	0	0	2	0	1	1	1	0	1	1	0	0	2	1	0	1	0	1	1	1	1	0	0
0.4745	0	0	1	0	0	0	1	0	1	1	0	1	0	0	0	0	1	0	0	2	1	1	1	0	0	1	1	1	1	0	0	0	1	0	0	0	0	0	0	0	1	1	0	0	1	0	1	1	1	0	0	0	0	0	1	0	0	0	0	0	1	1	0	0
0.439397	0	0	0	1	0	1	2	1	0	0	1	1	1	1	0	1	1	1	2	0	0	0	0	1	0	0	0	0	0	0	1	1	0	0	0	0	0	0	1	0	0	1	1	0	1	0	1	1	1	0	0	0	0	1	0	0	0	1	0	0	0	2	0	0
0.438586	0	1	0	1	1	1	1	1	0	0	2	0	0	0	0	0	0	0	0	0	1	2	0	1	1	0	1	1	1	0	0	0	1	1	0	0	0	0	0	0	0	1	1	0	2	0	0	1	2	0	0	0	2	0	0	0	0	0	0	0	0	2	0	0
-0.507038	0	0	1	2	0	2	2	2	0	0	1	0	0	0	0	1	0	1	1	1	1	1	0	1	0	0	0	0	0	0	0	1	1	2	0	0	0	0	1	1	1	1	0	1	1	0	1	1	1	0	0	0	2	0	0	0	0	0	0	0	1	2	0	0
-0.467908	1	1	2	1	0	1	1	1	0	0	2	0	0	0	1	0	1	1	0	1	0	1	0	2	2	1	1	1	1	0	0	1	0	0	1	1	0	0	1	0	0	2	0	1	1	0	1	1	1	0	0	0	1	0	1	0	0	0	0	0	2	1	1	1
-0.572008	0	0	0	1	0	1	0	0	1	0	1	1	0	0	2	0	0	0	1	1	2	1	0	1	1	1	2	2	2	0	1	1	0	2	0	1	0	1	1	0	0	2	0	1	1	1	0	1	0	1	1	0	0	0	0	0	0	1	0	0	1	1	0	0
0.482671	2	2	0	1	0	1	2	1	1	1	0	1	0	0	0	0	0	0	0	1	0	1	0	2	2	1	1	0	0	0	0	0	1	0	0	0	0	2	0	2	1	0	0	2	0	1	0	1	0	1	2	0	0	1	1	0	1	0	1	0	1	1	1	1
0.408632	1	1	0	2	0	1	1	2	1	1	0	1	0	0	0	0	0	0	1	1	1	0	0	0	0	1	1	1	1	0	1	0	0	0	0	0	0	2	0	2	2	0	0	2	0	2	0	0	0	2	2	0	0	0	0	0	0	0	0	0	0	1	0	0
-0.329733	0	1	0	2	0	1	1	1	0	0	0	1	0	0	2	0	0	0	0	2	0	0	0	0	0	1	1	1	1	0	0	1	1	1	0	0	0	0	0	0	2	0	0	1	1	0	1	1	1	0	0	0	1	1	1	0	1	0	0	0	1	2	0	0
0.500199	0	1	0	0	0	0	2	0	1	1	1	1	0	1	0	0	0	0	0	1	1	2	1	2	2	2	2	2	2	1	0	2	2	0	1	0	0	2	0	2	0	0	0	1	0	0	1	2	0	0	1	0	0	1	1	0	1	1	1	0	0	0	0	0
0.484259	0	0	0	1	0	1	1	1	1	2	0	2	0	0	0	1	1	0	0	0	1	0	1	2	2	0	0	0	0	0	0	0	1	1	1	0	0	1	0	2	0	1	0	1	1	0	1	1	1	0	0	0	2	0	0	0	0	0	0	0	1	1	0	0
0.444579	1	1	0	0	1	0	1	0	0	1	0	2	1	1	1	1	1	0	0	2	2	2	0	1	1	0	0	1	0	0	1	1	0	0	0	0	1	1	2	0	0	1	1	0	2	0	0	1	1	0	0	1	1	1	1	0	1	0	0	0	1	2	0	0
0.512828	1	0	0	1	0	0	1	0	0	1	1	1	0	0	2	1	0	0	1	0	0	2	0	0	0	1	1	1	2	0	0	1	1	1	0	0	0	1	0	1	1	1	0	1	1	1	0	0	1	1	1	0	0	0	1	0	0	0	0	0	0	0	0	0
0.355732	0	1	0	0	1	0	1	0	0	1	0	2	0	0	0	0	0	0	1	0	0	1	0	1	0	0	0	1	0	0	0	1	1	1	2	1	0	0	0	1	1	0	0	0	1	0	1	1	1	0	0	0	1	1	1	0	1	0	1	0	0	0	0	0
0.538605	2	2	1	2	0	2	1	1	1	2	0	2	0	0	1	1	1	1	0	1	0	1	0	2	1	0	1	1	0	0	2	0	0	0	1	1	0	1	0	1	1	0	0	1	0	1	0	0	0	2	2	0	0	1	1	0	1	0	0	0	1	1	0	0
-0.550853	0	1	0	1	0	0	1	0	1	1	2	0	1	1	1	0	0	0	0	0	1	1	0	1	1	0	1	1	0	0	0	2	0	1	1	1	0	0	0	0	1	1	0	1	1	1	0	0	1	1	1	0	1	1	2	0	1	0	1	1	0	0	0	0
0.499116	0	1	1	2	0	2	2	2	1	0	0	1	0	0	0	0	0	0	1	0	1	1	0	2	2	1	1	1	1	0	0	1	1	2	0	0	0	1	0	1	1	0	0	1	0	1	1	1	0	1	1	1	0	1	1	0	1	0	0	0	1	1	1	1
-0.553603	1	2	1	0	1	0	1	0	0	1	0	2	0	0	0	0	0	0	0	0	0	1	0	2	1	0	0	0	0	0	0	1	0	0	2	2	0	0	1	1	0	1	0	1	0	0	2	2	0	0	0	0	1	0	0	0	0	0	-9	0	2	2	0	0
0.38244	1	1	1	2	0	2	1	1	1	0	1	0	0	0	0	0	1	0	2	0	1	0	0	0	0	0	0	1	0	0	0	2	2	1	0	0	0	1	2	0	0	1	1	0	1	0	0	1	1	0	1	0	1	0	0	0	0	0	1	0	0	0	0	0
-0.0633565	0	1	0	0	1	0	0	0	1	0	1	1	0	0	2	1	1	0	1	1	0	0	0	1	1	1	1	1	1	0	0	0	0	1	1	0	0	1	0	1	0	1	0	0	0	1	0	1	0	1	2	0	0	1	1	0	1	0	0	0	1	1	0	0
0.332126	1	1	0	1	0	1	2	1	1	0	0	2	0	0	0	0	0	1	1	0	1	1	0	1	1	0	0	0	0	0	1	1	0	2	0	0	0	0	1	0	1	1	0	2	2	0	0	0	2	0	0	0	2	1	0	0	0	0	0	0	1	1	1	1
-0.578603	1	0	0	0	1	0	0	0	0	1	1	1	0	0	1	0	1	0	1	1	0	2	0	1	2	1	1	1	1	0	1	0	1	2	1	0	0	1	0	2	0	0	0	0	0	0	2	2	0	0	0	0	0	0	0	0	0	0	1	0	1	0	0	0
-0.56858	2	2	0	1	0	1	0	0	0	0	0	1	0	0	1	0	0	0	0	1	0	1	1	1	1	2	1	2	1	0	0	1	2	0	1	0	1	0	1	0	0	2	0	0	2	0	0	1	1	0	0	1	1	0	1	0	0	0	1	0	0	2	0	0
-0.455139	1	0	0	1	1	1	1	1	0	0	1	1	0	0	2	0	0	0	1	1	1	0	0	1	1	1	1	1	1	0	0	0	1	1	0	0	0	0	1	0	0	2	0	1	0	0	1	2	0	0	1	0	1	2	2	0	2	0	0	0	2	1	0	0
0.543606	0	0	0	2	0	2	2	2	0	0	1	1	0	0	0	0	0	0	1	1	1	2	0	1	1	0	0	1	1	0	1	0	1	1	0	0	0	0	1	0	0	2	0	1	1	0	1	1	1	0	0	0	2	1	0	0	0	1	0	0	1	0	0	0
-0.0714008	0	0	0	1	0	1	1	0	0	0	0	1	0	0	2	0	0	0	0	1	2	0	0	1	1	0	1	1	1	0	0	0	1	0	2	1	0	1	1	1	1	0	0	0	1	0	2	2	0	0	0	1	0	1	2	0	1	0	0	0	2	1	0	0
-0.531738	0	0	0	2	0	1	1	1	0	0	2	0	0	1	2	0	0	0	0	1	1	1	0	0	0	0	0	1	0	0	1	1	1	2	1	0	0	1	2	0	0	2	0	2	1	0	1	1	1	0	0	0	2	0	0	0	0	0	0	0	1	1	0	0
0.423106	0	0	0	1	1	1	1	1	2	1	1	0	0	0	0	0	0	0	0	1	0	1	0	0	0	0	0	1	0	0	0	1	1	0	1	1	0	1	0	1	1	0	0	1	0	1	0	1	0	1	2	0	0	1	1	1	1	0	0	0	0	1	0	0
-0.479272	0	0	1	1	0	1	1	1	0	0	1	1	0	0	0	0	0	0	0	2	0	1	1	2	2	1	2	2	2	1	1	1	0	1	1	0	0	0	0	0	1	1	0	2	1	0	1	1	1	0	0	0	1	0	0	0	0	0	0	0	1	2	0	0
0.475801	0	0	0	1	0	1	2	1	0	0	1	0	0	0	0	0	0	0	0	1	1	1	0	1	1	0	0	1	0	0	0	1	1	0	2	1	0	1	0	1	1	1	0	1	1	1	0	0	1	1	1	0	1	2	2	0	2	0	1	0	0	1	0	0
0.479683	0	0	0	1	0	1	1	1	0	1	1	1	0	0	1	1	1	0	1	0	0	1	0	1	1	0	0	0	0	0	0	0	0	0	0	0	0	0	0	1	1	1	0	1	1	0	1	1	1	0	0	0	1	0	1	0	0	1	0	0	1	1	0	0
-0.02086	0	0	0	0	0	0	1	0	0	1	0	1	0	0	2	1	0	0	1	1	1	2	1	0	0	1	1	1	1	0	0	1	0	0	0	0	0	0	1	0	0	2	0	1	1	0	1	1	1	0	0	0	1	0	1	0	0	0	0	0	1	1	0	0
-0.489591	0	0	0	0	1	0	1	0	0	0	1	1	0	0	1	0	0	0	1	0	2	1	0	1	0	1	1	2	1	0	0	0	0	2	2	0	0	0	1	1	1	0	0	1	1	0	1	1	1	0	0	0	1	0	0	0	0	0	0	0	2	1	0	1
-0.235105	1	0	0	0	1	0	0	0	0	0	1	1	0	0	0	1	1	0	1	1	1	0	1	0	0	0	0	0	0	0	1	0	1	0	1	0	0	1	0	1	1	0	0	1	1	0	1	1	1	0	0	0	1	0	0	0	0	0	0	0	0	2	0	0
0.385679	1	1	0	1	0	0	0	1	0	1	1	1	1	1	2	1	0	0	0	1	1	1	0	2	1	0	1	1	1	0	0	0	1	0	1	1	0	0	0	1	1	1	0	1	1	1	0	0	1	1	1	0	1	1	1	0	0	-9	0	0	0	2	0	0
0.461462	0	0	0	1	0	1	2	1	0	0	2	0	0	0	0	1	0	0	2	0	0	2	0	1	0	1	1	0	0	0	0	0	0	2	0	0	0	2	0	2	1	0	0	1	0	1	1	1	0	1	1	0	0	2	1	0	1	1	0	0	1	1	0	0
0.395191	0	0	0	0	1	0	0	0	0	0	1	1	0	0	1	0	1	0	0	2	0	1	1	0	1	1	1	1	1	0	0	1	1	0	1	2	1	0	1	0	2	0	0	2	0	1	1	1	0	1	1	0	0	1	1	0	1	0	1	0	0	2	0	0
0.415828	1	1	0	0	1	0	0	0	1	0	1	1	0	0	1	0	1	0	0	1	1	0	0	1	1	0	0	1	0	0	1	0	1	1	1	1	0	1	0	1	2	0	0	1	0	1	1	1	0	1	1	0	0	1	1	0	1	0	1	0	1	1	0	1
-0.487441	0	0	0	0	0	0	0	0	0	1	1	1	0	0	1	0	0	0	0	1	2	1	0	1	1	0	0	1	0	0	1	0	0	1	0	0	0	1	1	1	1	0	0	2	1	0	0	1	1	0	1	0	1	2	2	0	2	0	1	0	1	1	0	0
-0.256203	0	0	0	1	0	0	0	0	0	0	0	2	0	0	1	0	0	0	1	0	0	2	0	0	0	0	0	0	0	0	1	0	1	2	0	0	0	1	1	1	0	0	1	0	0	0	2	2	0	0	0	0	0	1	1	0	1	0	0	0	1	0	0	0
-0.563592	0	0	0	2	0	2	2	2	1	0	0	0	0	0	1	0	0	0	2	0	1	1	0	0	0	1	2	2	2	0	0	0	1	2	1	0	0	1	0	1	0	1	0	0	1	0	1	1	1	0	0	0	1	0	1	0	0	0	1	0	2	0	0	0
-0.546232	0	0	1	2	0	2	2	2	2	0	0	2	0	0	1	1	1	1	0	0	1	1	0	1	1	0	0	0	0	0	0	0	0	0	2	2	0	0	1	0	2	0	0	2	1	0	1	0	1	0	0	0	1	1	1	0	1	1	0	0	1	1	0	0
-0.521811	1	1	0	1	0	1	1	1	0	0	1	1	1	1	2	0	0	0	0	0	1	0	0	0	0	1	1	1	1	0	1	0	0	2	0	0	0	1	0	1	0	2	0	0	1	0	0	1	1	0	1	0	0	1	2	0	1	0	1	0	1	1	0	0
0.405224	0	0	0	1	1	1	1	2	0	1	1	1	1	1	1	0	0	1	0	0	1	2	0	1	1	0	0	0	0	0	1	0	1	0	1	1	0	0	0	0	2	0	0	2	0	2	0	0	0	2	2	0	0	1	1	0	1	1	0	0	0	1	0	0
0.385443	0	1	0	2	0	2	2	2	0	0	0	1	0	0	2	0	1	0	1	1	1	1	1	1	1	1	1	0	0	0	1	0	1	0	1	0	0	1	0	1	1	0	0	1	0	1	1	1	0	1	1	0	0	0	2	0	0	0	0	0	1	2	0	0
-0.600246	0	0	0	0	0	1	1	1	2	0	1	1	0	1	1	0	2	0	1	0	0	1	1	0	0	0	0	2	0	0	0	0	0	0	0	0	0	1	0	1	1	1	0	1	1	1	0	0	1	1	1	0	1	0	1	0	0	0	0	0	2	2	0	0
-0.0495895	0	0	0	1	0	1	0	0	0	0	1	1	0	0	2	0	0	0	0	1	1	0	0	1	1	0	0	0	0	0	0	1	1	1	1	0	0	1	1	0	0	2	0	1	2	0	0	0	2	0	0	0	1	0	0	0	0	1	0	0	1	0	0	0
0.469641	0	2	0	1	0	0	0	1	1	0	1	1	0	0	0	0	0	0	1	1	1	0	0	1	1	0	0	0	0	0	0	1	0	0	1	1	0	0	1	0	2	0	0	1	0	1	1	1	0	1	1	1	0	0	0	0	0	0	0	0	1	2	0	0
-0.559705	0	0	0	1	1	0	0	0	1	1	0	2	0	0	1	0	2	0	1	1	1	0	0	1	1	1	1	1	1	0	0	0	2	1	2	1	0	0	0	0	0	2	0	0	2	0	0	0	2	0	0	0	2	0	1	0	0	0	0	0	0	0	0	0
-0.030956	1	1	0	0	1	1	1	1	0	0	2	0	0	0	0	0	0	0	0	1	1	1	1	1	1	1	1	1	1	0	0	2	1	0	0	1	0	2	0	2	0	0	0	1	0	0	2	2	0	0	0	0	0	0	1	0	1	0	0	0	1	1	0	0
-0.287139	1	1	0	2	0	2	2	2	0	0	1	1	0	0	0	0	1	0	2	0	1	1	0	1	1	0	0	0	0	0	0	0	0	1	0	1	0	0	0	1	1	0	0	1	0	0	1	2	0	0	0	1	0	2	2	1	2	0	1	0	1	1	0	0
0.515083	1	1	0	0	0	0	1	1	1	0	0	2	0	0	0	0	0	1	0	1	1	0	1	1	1	0	0	0	0	0	0	0	0	1	0	0	0	0	1	0	1	1	0	2	0	1	1	1	0	1	1	0	1	0	1	0	0	0	0	0	1	2	0	0
-0.610146	0	0	0	2	0	1	0	0	1	0	1	1	1	1	1	0	0	0	0	0	1	2	0	2	2	2	2	2	2	0	0	2	0	0	1	1	0	1	1	1	1	0	0	1	0	0	2	1	1	0	0	0	1	2	2	0	2	0	1	0	0	1	0	0
0.385864	0	0	0	1	0	1	1	1	0	1	0	1	0	0	1	0	0	0	1	1	0	1	0	1	0	0	0	0	0	0	2	0	0	1	0	1	0	1	0	2	0	0	0	0	0	0	1	2	0	0	1	0	0	0	1	0	0	0	0	0	1	1	0	0
-0.585856	0	0	0	1	1	1	1	1	0	0	0	1	0	0	2	1	1	1	0	0	1	1	0	1	1	0	1	1	2	0	1	1	0	0	0	0	0	0	0	0	0	2	0	0	1	0	1	1	1	0	0	0	2	1	0	0	0	1	0	0	0	2	0	0
0.403036	0	0	0	2	0	2	1	1	1	0	1	1	0	0	2	0	0	1	1	0	1	2	0	0	0	1	1	1	1	0	1	0	1	0	1	1	0	1	0	2	1	0	1	1	1	1	0	0	2	0	0	0	2	0	0	0	0	1	0	0	1	1	0	0
-0.553057	0	0	0	0	1	0	0	0	0	0	2	0	0	0	1	1	0	0	1	0	1	2	0	2	1	1	1	2	1	0	0	0	1	0	0	0	0	0	1	0	2	0	0	1	0	0	2	2	0	0	0	0	0	2	2	0	2	0	1	0	0	2	1	1
-0.538897	0	0	0	1	0	0	0	0	0	0	0	1	0	1	0	0	0	1	1	1	1	0	1	0	0	1	1	2	1	0	1	0	0	0	1	0	0	1	1	1	1	0	0	1	0	0	2	2	0	0	0	0	0	0	0	0	0	1	0	0	0	2	1	1
0.420322	1	0	0	1	0	1	1	1	0	0	1	1	0	0	0	0	2	0	1	0	0	1	0	0	0	1	1	1	1	0	0	0	1	0	1	0	0	0	0	1	0	0	0	0	0	0	2	2	0	0	0	1	0	1	1	0	1	0	0	0	2	1	0	0
-0.507934	0	0	0	1	0	1	1	1	0	0	0	0	0	0	1	0	0	0	1	0	0	0	0	1	2	2	1	2	1	0	2	1	2	0	1	1	0	0	1	0	1	1	0	1	1	0	1	1	1	0	0	0	0	0	0	0	0	0	0	0	1	2	0	0
-0.0230825	1	1	0	0	2	0	0	0	1	0	0	1	0	0	2	0	0	0	0	1	1	1	0	1	1	0	0	1	0	0	0	0	1	0	2	0	0	0	0	0	0	0	0	0	1	0	1	1	1	0	0	0	1	2	1	0	1	0	0	0	1	2	0	0
-0.432095	1	1	1	0	0	0	1	0	0	0	1	1	1	1	1	0	1	0	0	1	0	0	0	2	2	0	0	0	1	0	0	1	1	2	1	2	0	0	0	2	1	1	0	2	0	1	2	2	0	0	0	0	1	0	0	0	0	0	1	0	1	1	0	0
0.441948	1	0	1	1	1	1	1	1	0	1	0	1	0	0	0	0	0	0	1	0	1	1	0	0	0	1	2	2	2	0	1	1	0	1	1	0	0	1	1	1	2	0	0	2	0	1	1	1	0	1	1	0	0	0	1	1	1	0	0	0	0	1	0	0
-0.507933	0	0	0	0	0	0	0	0	0	0	1	0	0	0	1	0	0	1	1	0	1	1	0	0	0	1	1	0	0	0	0	0	0	0	0	0	0	1	1	1	1	0	0	1	0	1	1	1	0	1	1	0	0	1	1	0	1	0	0	0	1	0	0	1
-0.563792	0	0	1	1	1	1	1	1	1	0	1	0	2	2	1	0	0	0	1	1	0	2	0	0	0	1	1	2	1	0	1	0	1	0	1	0	1	0	1	0	1	1	0	1	2	0	0	1	1	0	0	1	1	0	0	0	0	0	1	1	0	0	0	0
0.469698	0	0	0	0	0	0	2	0	0	0	2	0	0	0	1	0	1	0	2	0	0	2	0	0	0	1	1	2	1	1	1	1	0	0	0	1	0	1	0	2	1	1	0	2	1	1	0	0	1	1	1	0	1	1	2	0	1	1	0	0	0	1	0	0
0.366049	0	0	0	1	0	1	1	1	1	1	0	1	0	0	0	1	1	0	0	1	1	0	0	1	1	0	0	0	0	0	0	0	1	1	1	2	0	1	0	1	0	1	0	0	1	1	0	0	1	1	1	0	0	0	2	0	0	0	1	0	1	0	0	0
0.498336	1	1	0	1	0	1	0	0	1	1	1	1	0	0	1	0	1	0	0	0	1	1	0	1	1	0	0	1	0	0	1	0	0	0	1	0	0	1	0	2	1	0	0	1	0	0	2	2	0	0	0	0	0	0	0	0	0	0	0	1	1	1	0	0
-0.617566	0	0	0	0	1	0	0	0	0	1	1	1	0	0	0	0	0	0	0	1	0	1	0	1	1	1	1	1	2	0	0	2	0	1	1	0	0	1	1	1	0	1	0	1	0	0	2	2	0	0	0	0	1	0	0	0	0	0	0	0	1	1	0	0
0.427163	0	0	0	1	1	1	1	1	1	0	1	0	0	1	0	2	0	0	1	1	0	2	0	1	1	0	0	0	1	0	0	0	1	0	0	1	0	0	0	1	1	1	0	1	2	0	0	0	2	0	0	-9	1	1	1	0	1	0	0	0	1	2	0	0
-0.546994	2	1	0	1	0	1	1	1	1	1	0	1	0	0	0	0	1	0	0	2	0	1	0	0	0	1	1	1	1	0	0	2	1	1	1	0	0	0	0	2	1	0	0	1	0	0	2	2	0	0	0	0	0	0	0	0	0	0	0	0	2	0	0	0
0.377716	0	1	0	2	0	1	1	2	0	0	2	0	0	0	0	0	0	0	1	1	0	0	0	1	0	1	1	1	1	0	0	1	1	0	1	1	0	2	2	0	0	2	0	2	0	2	0	0	0	2	2	0	0	1	1	0	1	0	0	1	0	1	0	0
-0.480328	0	0	0	2	0	2	2	2	2	0	1	0	0	0	2	0	1	0	2	0	0	1	0	0	1	0	0	0	0	0	0	1	1	1	0	0	0	1	0	1	1	0	0	1	0	1	1	1	0	1	1	0	0	2	2	1	2	0	1	0	0	2	0	0
0.442763	0	1	0	0	0	0	1	0	0	0	0	0	0	0	1	0	1	0	1	0	0	0	0	1	1	0	0	1	0	0	0	0	1	1	0	0	0	0	1	1	0	0	1	0	2	0	0	0	2	0	0	0	2	0	0	0	0	0	1	0	1	2	0	0
0.363438	1	1	0	0	2	0	0	0	0	1	1	2	0	0	2	0	0	0	2	0	0	1	0	1	1	1	1	1	1	0	0	1	0	0	1	0	0	1	1	1	0	1	0	1	0	1	0	0	0	2	2	0	0	0	1	0	0	0	0	0	1	2	0	0
-0.592519	0	0	0	1	0	0	0	0	0	1	0	2	1	1	1	1	1	0	0	0	1	1	0	0	0	1	1	1	1	0	1	0	0	2	2	0	0	1	0	1	0	2	0	0	2	0	0	0	2	0	0	0	2	1	1	0	1	0	0	0	1	1	0	0
0.368676	0	0	0	0	0	0	0	0	1	0	1	0	0	0	1	0	0	0	0	2	1	1	0	1	2	2	2	1	2	0	0	1	1	0	1	0	0	1	0	2	1	1	0	2	0	1	1	1	0	1	1	0	1	0	0	0	0	0	1	0	0	2	0	0
0.496609	0	0	0	2	0	2	2	2	1	1	0	2	0	1	1	0	0	1	0	0	1	1	0	0	0	1	1	1	1	0	1	1	0	1	0	1	1	1	0	1	0	1	0	0	1	0	1	1	1	0	0	0	1	0	1	0	0	0	0	0	0	1	0	0
0.487596	0	0	0	0	0	0	0	0	1	0	1	0	0	0	1	0	0	0	1	1	0	1	0	1	1	1	1	1	1	1	0	0	1	0	1	0	0	1	0	0	0	1	0	1	0	1	1	1	0	1	1	0	0	0	1	0	0	0	0	0	1	2	0	0
-0.281808	0	0	0	0	0	0	0	0	0	2	0	2	0	1	1	1	0	0	0	2	2	0	0	1	1	2	2	2	2	0	0	0	0	1	0	0	0	1	0	1	0	0	1	1	1	0	0	1	1	0	1	0	1	2	2	0	1	0	1	0	1	0	0	0
0.476128	1	1	0	1	0	1	1	1	0	0	0	1	1	1	1	0	0	1	1	0	1	2	0	0	0	1	1	0	0	0	0	0	0	2	0	0	0	2	1	1	1	1	0	1	1	1	0	0	1	1	1	0	1	1	1	0	1	0	1	0	1	1	0	0
0.482481	0	1	0	1	0	1	1	1	0	0	-9	2	-9	0	1	0	-9	0	1	1	0	1	0	1	0	0	0	-9	0	0	0	0	0	1	1	0	0	1	1	1	1	1	0	2	0	2	1	1	0	1	1	-9	0	0	1	0	0	0	1	1	0	2	0	0
0.378577	1	1	0	1	0	1	1	1	2	0	0	1	1	1	1	0	0	0	0	1	1	1	0	0	0	1	1	2	1	0	1	0	1	1	1	0	0	1	0	2	1	1	0	2	0	1	1	1	0	1	1	0	1	1	1	0	1	0	1	0	1	2	0	0
-0.411982	1	0	1	1	0	1	1	0	1	0	1	1	0	0	0	0	1	0	1	1	2	2	0	1	1	2	2	2	2	0	0	1	2	0	1	0	0	1	2	0	1	1	0	1	1	0	1	1	1	0	0	0	1	1	1	1	1	0	0	0	1	1	0	0
-0.515777	0	1	0	0	0	0	1	0	1	0	2	0	0	0	0	0	0	0	0	1	0	2	0	1	0	0	1	1	1	0	0	0	0	1	0	0	0	0	1	0	1	1	0	2	1	0	1	1	1	0	0	0	1	0	0	0	0	0	1	0	0	0	1	1
0.426658	1	1	1	1	0	2	2	2	2	0	2	0	0	0	0	1	0	0	0	1	1	1	0	0	1	0	0	0	0	0	1	1	0	0	0	0	0	1	0	2	0	1	0	0	1	0	1	1	1	0	0	0	1	1	0	0	0	0	0	0	0	0	0	0
0.430185	0	1	1	0	1	0	0	0	0	1	1	1	0	0	1	1	1	0	1	0	1	1	0	2	0	0	0	1	0	0	0	1	0	1	0	0	0	2	0	2	1	0	0	1	0	1	1	1	0	1	1	0	0	1	1	0	1	0	2	0	0	1	1	1
0.396225	0	0	1	0	1	0	1	0	0	0	1	0	0	0	1	0	1	1	1	1	0	1	1	2	2	1	1	2	1	0	0	1	1	0	1	1	1	0	1	2	1	0	0	1	0	1	1	1	0	1	1	0	0	2	1	0	1	0	0	0	1	1	0	0
0.362487	0	0	0	0	2	0	0	0	1	1	0	2	0	0	0	0	1	0	1	0	1	1	1	0	0	1	1	0	1	0	0	0	1	1	1	0	0	1	1	1	2	0	0	2	0	0	2	2	0	0	0	0	0	0	1	1	1	1	1	0	0	1	0	0
-0.176714	0	0	0	0	2	0	0	0	0	1	0	2	0	0	2	0	1	1	0	1	1	0	0	1	2	1	1	1	1	0	0	0	2	1	1	0	0	0	0	0	2	0	0	2	0	2	0	0	1	1	1	0	1	0	1	0	0	0	1	0	1	1	0	0
-0.582842	0	1	0	1	0	1	1	1	1	0	2	0	0	0	1	0	1	0	0	0	2	0	0	0	0	2	1	1	2	1	0	1	0	1	1	0	0	2	1	1	1	0	0	1	0	0	1	2	0	0	1	0	0	0	0	0	0	0	0	0	0	0	0	0
0.43469	0	0	0	0	1	0	0	0	0	0	2	0	0	-9	0	0	0	0	0	1	0	2	0	1	0	0	0	0	0	0	0	1	0	1	0	0	0	0	0	0	0	2	0	0	2	0	0	0	2	0	0	0	1	1	1	0	1	0	0	0	1	2	0	0
0.33509	0	0	0	2	0	2	2	2	0	1	0	2	0	0	1	1	1	0	0	0	0	0	0	1	0	0	0	0	0	1	0	1	0	0	2	0	0	1	0	1	1	1	0	1	0	0	2	2	0	0	0	0	0	1	1	0	1	0	1	0	1	1	1	1
0.388869	0	1	0	1	1	1	0	0	0	0	1	0	0	0	0	0	1	0	0	0	2	1	1	2	2	1	1	1	1	1	1	0	1	0	0	0	0	1	0	1	2	0	0	2	1	1	0	0	1	1	1	0	1	1	1	0	1	0	1	1	1	2	0	0
0.460761	0	0	0	0	0	0	0	0	1	0	0	2	1	1	1	0	1	1	2	0	1	0	0	0	0	0	0	0	0	0	0	0	1	1	2	0	0	1	1	1	1	0	0	1	0	1	1	1	0	1	1	0	0	0	0	0	0	0	1	0	0	0	1	1
-0.663094	0	1	0	1	0	1	1	1	0	0	1	1	0	0	0	0	0	0	1	0	1	0	0	2	2	1	1	1	1	1	1	0	0	1	1	0	0	1	1	1	0	1	0	2	2	0	1	1	1	0	0	0	1	2	1	0	1	0	0	0	1	1	1	1
-0.612805	0	0	0	0	1	0	0	0	1	0	1	1	0	0	0	0	0	0	0	1	1	1	0	1	0	1	1	1	0	1	0	1	0	0	1	1	0	0	0	0	1	0	1	0	1	0	1	1	1	0	0	1	1	0	0	0	0	0	0	0	1	1	1	1
0.491692	0	0	0	0	0	0	1	0	0	0	2	0	0	0	0	0	1	1	1	1	0	0	0	1	1	0	0	0	0	0	0	0	1	0	1	0	0	1	1	1	1	0	0	1	0	1	1	1	0	1	1	-9	0	0	1	0	0	1	0	0	0	0	0	0
0.42745	0	0	0	1	0	1	1	1	1	0	1	0	1	1	1	1	0	0	0	0	2	0	0	1	1	0	1	1	2	0	0	1	1	0	1	1	0	1	0	1	0	1	0	0	1	1	0	0	1	1	1	0	0	1	1	0	-9	0	0	0	2	0	0	0
-0.414026	0	1	0	2	0	1	1	1	1	2	0	2	0	0	1	0	1	0	1	0	1	0	0	0	1	0	0	1	0	0	0	0	1	1	0	0	0	1	0	1	1	0	0	0	0	0	1	1	1	0	0	0	1	0	1	0	0	0	1	0	1	1	0	0
0.46022	1	1	0	1	0	0	0	0	0	0	2	0	1	1	1	0	1	0	1	1	0	2	0	0	1	1	1	1	1	0	1	1	0	0	1	0	0	2	0	1	0	1	0	0	0	2	0	0	0	2	2	0	0	1	2	0	1	0	1	1	1	1	0	0
0.341974	1	0	1	2	0	2	0	0	2	1	0	2	0	0	0	1	0	0	0	1	0	0	0	2	1	0	0	1	0	0	0	1	1	2	0	0	0	1	1	1	1	1	0	2	0	2	0	0	0	2	2	0	0	1	0	0	0	0	0	0	1	0	0	0
0.458026	0	1	0	1	1	1	1	1	1	0	2	0	0	0	1	0	0	0	0	1	1	2	0	0	0	1	1	1	1	0	1	0	1	0	1	1	0	1	0	1	1	0	0	0	1	0	1	1	1	0	0	0	1	0	1	0	0	0	0	0	1	-9	0	0
0.434991	0	0	0	0	0	1	2	1	1	0	1	1	0	0	1	0	1	1	0	2	1	1	1	2	1	2	1	1	1	0	0	0	0	1	1	1	0	2	1	1	0	1	0	1	0	1	1	1	0	1	1	0	0	1	1	0	1	0	0	0	1	1	0	0
0.374357	0	0	1	2	0	2	2	2	0	0	2	0	0	0	0	0	0	0	0	0	1	0	0	2	1	0	0	0	1	0	0	1	0	0	0	0	0	1	1	0	0	1	0	1	0	0	2	2	0	0	0	0	1	1	1	0	1	0	0	0	1	1	0	0
0.490457	0	0	1	0	0	0	2	0	0	1	1	1	0	0	0	2	0	0	1	0	2	1	1	1	0	2	2	2	2	0	0	2	1	1	0	0	0	1	1	1	1	0	0	1	0	0	2	2	0	0	0	0	0	0	0	0	0	0	0	0	0	2	0	0
-0.804949	1	1	0	0	0	0	1	0	0	0	0	0	0	1	1	0	0	0	1	1	1	2	0	1	0	0	0	0	0	0	0	0	1	1	1	0	0	0	1	0	1	1	0	1	1	0	1	2	0	0	0	1	0	1	2	0	1	0	0	0	1	0	1	1
-0.544386	1	0	0	0	0	0	1	1	1	0	1	1	0	0	1	0	1	0	0	1	0	1	1	1	0	2	2	2	2	0	0	2	1	0	2	0	0	0	0	0	2	0	0	0	0	0	2	2	0	0	0	1	0	0	0	0	0	0	0	0	1	0	0	0
0.47983	1	1	0	1	0	1	1	1	0	0	2	0	0	0	1	0	0	0	2	0	1	0	0	1	1	0	0	1	0	0	1	0	2	2	0	0	0	1	0	1	2	0	0	2	0	2	0	0	0	2	2	0	0	0	0	0	0	1	0	0	0	2	0	0
0.662398	0	0	0	1	0	1	1	1	1	0	0	1	1	1	0	0	0	0	0	2	1	1	0	1	1	1	1	1	1	0	0	0	0	1	1	1	0	0	0	0	1	1	0	0	2	0	0	0	2	0	0	0	2	0	0	0	0	0	1	1	0	1	0	0
0.447372	1	1	1	0	1	0	0	0	1	1	1	1	0	0	2	1	0	0	0	2	0	1	1	0	0	1	2	2	2	0	0	0	1	0	0	0	0	0	0	0	0	2	0	0	2	0	0	0	2	0	0	0	1	0	0	0	0	0	0	0	0	2	0	0
0.380636	0	0	1	0	0	0	0	0	0	1	0	2	0	0	2	1	2	1	0	0	1	2	0	0	1	0	0	0	0	0	0	1	1	1	1	0	0	0	0	1	0	1	0	0	0	0	1	2	0	0	1	0	0	2	2	1	2	0	0	0	1	1	0	0
0.47129	0	0	1	2	0	2	2	2	2	0	1	1	1	1	1	1	1	0	1	1	1	0	1	2	2	1	1	2	1	0	0	0	1	0	2	2	0	2	0	2	1	0	0	1	0	1	0	0	0	2	2	0	0	0	0	0	0	1	0	0	1	1	0	0
-0.544694	0	0	0	1	1	1	1	1	0	1	0	2	0	0	1	0	0	0	0	1	0	2	1	0	0	1	1	2	1	1	2	0	1	1	1	0	0	0	1	0	1	1	0	1	1	0	1	1	1	0	0	0	1	1	2	0	1	0	1	0	1	1	0	0
0.37378	0	0	0	0	1	0	1	0	1	0	1	0	0	1	1	0	1	0	0	0	1	2	0	0	0	1	1	1	1	0	0	1	1	0	0	0	0	2	0	2	2	0	0	2	0	2	0	0	0	2	2	0	0	1	2	1	2	0	0	0	0	1	0	0
-0.513303	0	0	0	0	1	0	0	1	0	0	0	1	0	1	2	0	1	0	1	1	1	2	0	1	1	0	0	2	0	0	1	1	1	1	1	2	0	0	0	0	0	2	0	0	2	0	0	0	2	0	0	0	0	0	1	0	0	0	0	0	0	1	0	0
0.498654	0	0	0	1	0	1	1	0	1	1	0	2	0	0	1	1	0	0	1	0	0	2	0	1	0	0	0	0	0	0	0	1	1	1	0	0	0	2	1	1	0	2	0	2	1	1	0	0	1	2	2	0	0	1	1	1	1	0	0	0	0	2	0	0
-0.515427	0	0	0	0	2	0	0	0	2	1	0	2	0	0	2	1	1	0	1	0	1	2	0	0	0	1	1	1	1	0	0	0	0	0	0	1	0	0	1	0	0	2	0	1	2	0	0	0	2	0	0	0	2	1	0	0	0	0	0	0	0	2	0	0
-0.577247	1	1	0	0	2	0	0	0	1	1	1	1	0	0	0	1	0	0	1	0	0	1	1	0	0	2	2	1	2	0	0	0	0	0	0	0	0	1	1	0	2	0	0	2	1	0	1	1	1	0	0	0	1	0	0	0	0	0	1	0	0	1	0	0
0.333808	1	0	0	1	1	0	0	1	2	0	2	0	0	0	2	0	0	0	0	0	1	2	0	1	1	0	0	1	0	0	1	0	0	0	2	0	0	2	1	0	0	1	1	1	1	1	0	0	1	1	1	0	1	1	2	0	1	0	0	0	2	2	0	0
0.490166	0	0	0	1	0	1	1	1	1	0	2	0	0	0	1	0	0	0	0	1	0	1	0	1	2	0	0	1	0	0	0	0	0	1	1	0	0	0	0	1	1	1	0	2	0	1	1	1	0	1	1	0	1	0	0	0	0	0	0	0	1	0	1	1
0.475756	0	0	0	1	1	1	0	0	0	0	2	0	0	0	0	0	0	0	0	1	2	0	0	2	1	0	0	0	0	1	0	1	2	1	1	0	1	1	0	1	2	0	0	2	0	2	0	0	0	2	2	0	0	2	1	1	1	1	0	0	0	0	0	0
-0.669129	0	0	0	1	0	1	1	1	1	0	0	2	0	0	1	1	1	0	1	1	1	0	0	1	1	0	0	2	0	0	0	0	1	0	0	0	0	0	0	1	1	0	0	0	0	0	2	2	0	0	0	1	0	1	1	0	1	0	0	0	2	2	0	1
0.488871	1	1	0	0	0	0	0	0	0	0	1	1	0	0	1	0	0	0	0	2	0	1	0	1	1	1	1	1	1	0	0	1	1	0	0	0	0	1	0	1	1	1	0	1	1	1	0	0	1	1	1	0	0	0	0	0	0	0	2	1	0	1	0	0
0.436947	1	1	0	2	0	1	0	0	2	1	0	2	0	0	1	0	1	0	0	2	0	0	0	0	0	1	1	0	0	1	2	1	1	0	0	0	0	1	0	1	2	0	0	2	0	2	0	0	0	2	2	0	0	0	0	0	0	0	1	0	0	2	1	1
0.414502	0	0	0	0	1	0	0	0	0	1	1	1	0	0	1	0	1	0	1	1	2	1	0	1	2	0	0	1	0	0	0	2	2	0	1	0	0	1	1	1	2	0	0	2	0	1	1	1	0	1	1	0	0	0	0	0	0	0	0	0	0	2	0	0
0.394742	1	2	1	1	0	1	2	1	0	0	1	0	0	0	1	0	0	0	0	1	0	0	0	1	1	0	0	1	0	0	0	0	1	0	1	1	0	0	0	1	1	0	0	1	0	1	1	1	0	1	1	0	0	1	2	0	1	0	1	1	0	0	0	0
-0.547452	0	0	1	0	1	0	0	0	2	1	0	1	1	1	1	0	0	0	1	1	2	0	0	0	0	2	2	2	2	0	1	0	0	0	0	0	0	2	1	1	0	0	0	1	0	0	1	2	0	0	1	0	0	1	2	1	1	1	1	0	0	0	2	2
0.497595	0	0	0	0	2	0	0	0	0	0	1	0	0	1	0	0	0	0	0	2	2	1	0	1	1	1	1	1	1	0	1	1	1	1	0	0	0	1	0	1	0	1	1	0	0	0	0	2	0	0	2	0	0	1	1	0	0	0	0	0	1	0	1	1
0.455973	0	1	0	0	1	0	1	0	1	0	0	1	0	0	0	0	0	0	0	0	1	2	0	0	0	0	0	0	0	1	0	1	0	2	2	1	1	1	1	1	0	1	0	0	1	0	1	2	0	0	0	1	1	1	2	0	1	0	0	0	0	1	0	0
0.467177	1	1	0	1	1	1	1	1	0	1	0	1	0	1	0	0	0	0	0	1	0	2	0	0	2	1	1	1	1	0	0	0	1	0	0	0	0	2	0	2	0	0	0	0	0	0	1	2	0	0	1	0	0	2	2	0	2	0	0	0	1	1	0	0
0.385866	0	0	0	2	0	2	2	2	0	0	1	1	0	0	1	0	0	0	1	0	0	1	0	1	0	0	0	0	0	0	2	0	1	0	1	0	0	1	0	2	1	1	0	2	0	1	1	1	0	1	1	0	1	0	0	0	0	1	1	0	2	2	0	0
-0.534952	0	0	0	1	1	0	1	0	1	0	1	0	1	1	0	0	1	0	0	1	1	1	0	0	0	0	0	0	0	0	0	0	0	1	1	1	0	0	0	1	1	0	0	1	1	0	1	1	1	0	0	0	1	0	0	0	0	1	0	0	1	2	0	0
-0.512244	0	0	0	0	1	0	0	0	0	0	1	0	1	1	0	0	1	1	0	0	0	0	0	2	1	0	1	1	1	0	0	1	1	1	0	0	0	0	0	0	0	2	0	0	1	0	1	1	1	0	0	0	2	0	2	0	0	1	0	0	1	1	0	0
0.466137	0	0	0	0	0	0	1	0	2	0	1	0	0	0	0	0	1	0	0	2	1	1	0	1	2	0	0	1	0	0	1	0	0	0	0	0	0	1	0	2	1	0	0	1	0	1	1	1	0	1	1	0	0	0	0	0	0	0	1	1	1	2	0	0
0.403547	0	1	0	0	1	0	0	0	1	1	0	1	0	0	1	0	0	0	0	1	1	0	0	1	1	0	0	0	0	0	0	0	0	2	1	0	0	1	1	1	0	1	0	1	0	0	2	2	0	0	0	0	1	0	0	0	0	1	0	0	1	1	0	0
-0.0914643	1	1	1	0	2	0	0	0	0	1	0	2	0	0	0	0	0	0	1	0	0	1	0	1	1	0	1	1	0	0	0	0	2	0	1	1	0	0	1	0	1	1	0	1	1	0	1	1	1	0	0	1	1	1	0	0	0	0	0	0	1	1	1	1
-0.559525	0	0	0	2	0	1	0	1	2	0	1	0	0	0	0	0	2	0	1	1	2	2	0	1	2	1	1	1	1	0	1	0	1	0	0	0	1	0	0	1	2	0	0	2	0	0	2	2	0	0	0	0	0	1	1	0	1	0	0	0	1	0	0	0
-0.600421	0	0	0	0	2	0	0	0	1	0	1	1	-9	0	0	1	0	1	0	2	0	1	0	0	0	1	1	1	0	0	1	0	1	0	1	0	0	1	0	2	1	1	0	2	0	1	1	1	1	0	0	0	1	0	0	0	0	0	0	0	0	1	0	0
0.443514	0	0	0	1	0	0	0	1	0	1	1	1	0	0	1	1	0	0	1	1	0	0	0	0	0	0	0	0	0	0	1	0	0	2	2	1	0	2	1	1	1	1	0	1	0	1	0	0	1	1	1	0	1	1	2	1	1	0	0	0	0	1	1	1
0.339975	0	0	0	2	0	2	2	2	1	0	2	0	0	0	0	0	0	0	0	1	0	1	0	2	1	1	1	1	2	0	0	0	1	1	0	1	0	1	1	0	1	0	0	1	0	2	0	0	0	2	2	-9	0	0	0	0	0	0	1	0	0	1	0	0
-0.470402	0	0	0	1	0	1	1	0	0	1	1	1	0	0	1	0	0	0	1	1	1	1	0	0	0	2	2	1	1	0	0	0	2	1	1	0	0	1	0	2	0	0	0	0	0	0	1	2	0	0	1	0	0	1	2	0	1	1	0	0	0	1	0	0
-0.586878	0	0	0	1	1	0	0	0	0	2	0	2	0	0	1	0	1	0	1	1	1	0	1	2	2	1	1	1	1	0	1	1	1	0	1	0	0	1	0	1	1	1	0	1	1	1	0	0	1	1	1	0	1	1	1	0	1	1	1	1	0	0	0	0
0.383597	1	0	0	1	0	1	2	1	1	1	0	2	0	0	0	0	0	1	1	1	2	0	0	1	1	1	1	1	1	0	1	2	1	0	1	1	1	1	0	2	2	0	0	2	0	1	1	1	0	1	1	0	0	0	0	0	0	0	1	1	0	0	0	0
-0.595243	1	1	0	1	0	1	2	1	0	1	1	1	1	1	0	1	0	0	1	1	1	0	0	1	1	2	2	2	2	0	0	0	1	2	0	0	0	2	0	2	1	0	0	1	0	1	2	2	0	0	0	0	0	2	2	0	2	1	0	0	1	2	0	0
-0.556165	0	0	0	0	2	0	0	0	1	0	1	1	0	1	1	2	0	0	0	1	0	1	0	1	2	0	0	0	0	0	0	0	1	1	0	0	0	0	1	0	1	1	0	1	1	0	1	1	1	0	0	0	0	1	0	0	0	0	1	1	1	2	0	0
0.378112	2	2	1	0	0	0	1	0	0	0	1	1	1	1	1	0	1	0	1	1	2	1	1	0	2	0	0	0	0	0	0	1	0	0	1	0	0	1	0	1	2	0	0	1	1	1	0	0	1	1	1	0	1	0	0	0	0	0	1	1	0	0	0	0
-0.375941	1	1	1	1	0	1	2	1	0	0	2	0	0	0	2	0	1	0	0	0	1	0	0	0	0	0	0	0	0	0	0	1	1	1	1	0	0	1	0	1	1	0	0	1	2	0	0	0	1	0	0	0	2	1	1	0	1	0	2	0	0	1	0	0
-0.58124	0	0	0	0	1	0	0	0	0	0	1	0	0	1	2	0	1	0	2	0	0	2	0	1	1	2	2	2	2	0	1	1	2	2	1	2	0	1	1	1	2	0	0	2	0	1	1	1	0	1	1	0	0	0	0	0	0	0	0	0	1	1	0	0
0.516649	1	1	1	1	0	1	1	1	1	0	1	0	0	0	1	0	0	0	0	1	0	2	0	0	0	1	1	1	1	0	1	1	1	0	0	0	0	2	0	2	1	0	0	1	0	1	1	1	0	1	1	0	0	2	1	0	1	1	0	0	1	1	0	0
-0.532732	0	0	0	0	1	0	1	0	0	0	0	1	0	0	1	0	0	0	0	1	1	1	0	1	1	0	0	1	0	0	2	0	0	1	1	1	1	1	1	1	1	1	0	1	1	1	1	2	0	0	0	1	0	1	2	0	1	1	0	0	0	2	0	0
-0.532298	0	0	1	2	0	1	0	1	1	2	0	2	1	1	0	0	1	0	1	1	1	1	0	1	2	0	0	0	0	0	1	0	2	1	0	0	0	0	1	0	1	1	0	1	0	0	2	2	0	0	0	0	1	0	0	0	0	0	0	1	0	1	0	0
0.485275	0	1	0	0	1	0	0	0	1	0	2	0	0	0	1	1	0	0	0	1	1	2	0	1	1	2	2	2	2	0	0	1	2	0	0	0	0	1	1	0	1	1	0	2	0	2	0	0	0	2	2	0	0	2	2	0	2	1	1	0	1	1	0	0
-0.586003	0	0	0	0	1	0	0	0	1	0	2	0	0	0	0	0	1	0	1	0	1	1	0	1	1	0	0	0	0	0	0	2	1	1	1	0	0	0	1	0	1	1	0	1	1	1	0	0	2	0	0	0	2	1	2	0	1	1	0	0	1	1	0	0
0.386775	0	0	0	0	2	0	0	0	0	0	0	1	0	0	1	0	2	0	0	0	0	1	0	1	1	1	1	2	1	0	0	0	1	0	0	1	0	2	1	1	0	1	0	0	1	0	1	1	1	0	0	0	1	1	2	0	1	0	0	0	1	0	0	0
0.408436	0	1	1	0	1	0	1	0	0	1	1	1	0	0	2	0	1	0	1	0	0	2	0	0	2	2	2	2	2	0	0	1	0	2	0	0	0	0	1	0	1	1	0	0	1	0	1	1	1	0	0	0	1	1	1	1	1	0	1	0	0	0	0	0
-0.498289	1	1	0	1	1	1	1	1	0	0	1	1	0	0	1	0	0	0	1	0	2	1	0	1	2	2	2	2	2	1	1	1	1	1	0	0	0	1	2	0	1	1	0	2	1	0	1	1	1	0	0	0	1	1	0	0	0	0	1	0	2	1	0	0
-0.480567	0	0	1	1	0	1	1	1	1	0	0	1	1	1	2	0	0	0	0	2	2	0	0	0	0	1	1	1	1	0	0	0	2	0	2	1	0	1	0	1	0	1	0	1	0	0	2	2	0	0	0	1	0	1	2	0	2	0	0	0	0	0	0	0
0.380935	1	1	0	0	0	0	1	0	1	0	0	2	0	1	1	2	0	0	1	1	1	1	0	0	0	0	0	0	0	1	1	1	1	1	1	0	0	1	1	0	1	1	0	1	1	0	1	1	1	0	0	0	1	0	0	0	0	1	0	0	0	1	0	0
0.236836	0	0	1	0	1	0	1	0	2	0	0	2	0	0	1	0	1	0	0	2	0	1	0	1	1	1	0	0	0	0	0	2	1	0	0	1	0	0	0	0	2	0	0	1	1	0	1	1	1	0	0	1	1	1	1	0	1	0	0	0	2	1	2	2
0.410027	0	0	0	0	0	0	1	0	0	1	1	1	1	1	2	0	0	0	1	1	0	1	0	2	2	1	1	1	1	0	0	1	0	0	0	0	0	0	1	1	1	0	0	1	0	1	1	1	0	1	1	0	0	1	1	0	1	1	2	1	0	0	0	0
-0.500314	0	0	0	2	0	2	2	2	1	0	0	2	0	0	0	1	1	0	0	0	1	2	0	0	0	1	1	1	1	0	1	1	1	0	1	0	0	0	0	1	1	0	0	1	1	0	1	1	1	0	0	0	1	1	0	0	0	0	1	2	0	1	0	0
-0.583281	0	1	0	0	1	0	0	0	1	1	1	1	0	0	1	0	0	0	0	1	0	0	0	1	1	1	1	1	1	0	0	0	0	2	2	0	0	1	1	1	0	0	1	0	1	0	1	1	1	0	0	0	1	0	0	0	0	0	1	1	1	2	1	1
0.564339	1	0	0	2	0	1	1	1	2	0	2	0	0	1	0	0	0	0	0	1	1	2	0	0	0	2	2	2	2	0	0	1	0	0	1	0	0	1	0	1	2	0	0	1	0	1	1	1	0	1	1	0	0	1	1	0	1	1	0	0	0	2	0	0
0.363202	0	0	0	0	0	0	1	0	0	0	1	0	0	0	1	0	0	1	0	0	2	2	1	2	2	1	1	1	1	0	0	0	0	0	1	0	0	0	2	0	1	1	0	2	0	0	2	2	0	0	0	0	1	1	1	0	1	0	1	1	0	1	0	0
-0.386281	1	0	0	1	0	1	1	1	1	0	0	2	0	0	0	0	1	0	0	2	2	0	1	2	1	0	0	2	0	0	1	1	1	0	0	0	0	0	0	0	1	1	0	1	0	1	0	1	0	1	2	0	0	1	1	0	1	0	0	0	1	1	0	0
0.450955	1	0	1	2	0	2	2	2	2	0	1	1	1	1	2	0	0	0	0	2	2	0	0	1	1	1	1	1	1	0	0	1	0	0	0	0	1	0	2	0	1	1	0	1	1	1	0	1	0	1	1	1	0	1	2	0	1	0	0	0	1	0	0	1
0.408489	0	0	0	1	0	0	0	0	0	0	1	1	0	0	1	0	0	1	0	1	1	0	0	2	2	1	2	2	2	0	1	0	0	0	1	0	0	1	0	2	1	0	0	1	0	2	0	0	0	2	2	0	0	1	2	0	1	0	1	0	0	1	1	1
-0.320234	2	2	0	1	0	1	2	1	2	2	0	2	0	0	1	0	1	0	0	0	1	1	0	1	2	0	0	0	0	0	1	0	2	1	2	0	0	0	0	0	0	2	0	0	2	0	0	0	2	0	0	0	2	0	1	0	0	0	1	0	1	2	1	1
0.526171	0	1	0	1	1	1	1	1	1	0	1	0	0	0	1	0	0	0	0	1	1	0	0	1	0	2	2	2	2	0	0	2	1	0	1	0	0	1	1	1	2	0	0	1	0	1	1	1	0	1	1	0	0	1	1	0	1	0	0	0	0	1	0	0
-0.520125	1	1	0	1	0	1	1	1	1	1	1	1	0	0	0	0	0	0	0	1	0	2	0	1	1	0	0	0	0	0	1	1	1	0	0	0	0	0	0	1	0	1	0	0	1	1	0	0	1	1	1	0	1	0	1	0	0	0	1	1	1	0	0	1
0.4017	1	1	0	1	1	1	1	1	1	0	1	1	0	0	1	0	0	0	0	2	1	1	0	1	1	1	1	1	1	0	0	0	0	0	1	1	0	1	2	0	1	1	0	1	1	0	1	1	1	0	0	0	1	2	2	0	-9	0	0	0	0	0	1	1
-0.190253	0	0	0	0	1	0	0	0	1	0	2	0	0	0	1	0	0	0	1	0	0	2	0	2	1	2	2	2	2	0	0	0	1	0	0	1	0	0	0	2	1	0	0	1	0	0	2	2	0	0	0	0	0	1	1	0	2	0	1	0	0	1	1	1
0.441322	1	1	0	0	0	0	1	0	2	1	1	1	0	0	0	0	0	0	0	0	1	2	0	0	0	0	1	2	1	0	0	1	1	2	1	1	0	0	1	0	0	2	0	2	0	1	1	1	0	1	1	0	1	0	0	0	0	0	0	0	2	1	0	0
0.438977	1	0	1	2	0	2	2	2	0	0	0	1	1	1	1	0	0	0	1	0	0	2	1	0	1	0	0	0	0	0	0	0	1	1	1	0	0	0	0	0	1	1	0	0	1	0	1	1	1	0	0	0	0	1	0	0	0	1	0	0	1	1	0	0
-0.602756	0	0	0	1	1	1	1	1	2	1	0	2	0	0	0	0	0	0	1	0	0	0	0	1	1	0	0	0	0	0	1	0	0	1	0	0	0	1	0	1	1	0	0	1	0	0	2	2	0	0	0	0	0	0	0	0	0	0	0	0	2	1	0	0
-0.531167	0	0	1	1	0	1	1	1	1	1	1	1	1	1	1	0	0	0	1	0	1	1	0	2	2	0	0	1	0	0	0	1	0	0	1	1	0	1	1	1	0	1	0	0	1	0	1	1	1	0	0	0	1	1	1	0	1	0	0	0	1	1	0	0
0.478033	0	0	0	0	0	0	2	0	1	0	1	0	0	0	1	0	1	0	0	1	1	1	0	1	1	0	0	0	0	0	0	0	1	1	2	0	0	1	0	2	0	0	0	0	1	0	2	2	0	0	0	0	0	0	0	0	0	0	0	0	2	1	0	0
0.379195	2	2	0	1	0	1	2	1	1	0	2	0	0	0	0	0	0	1	0	1	1	1	0	0	2	2	2	2	2	0	0	0	2	0	2	1	0	2	0	2	1	0	0	1	0	1	1	1	0	1	1	0	0	2	1	0	1	1	0	0	0	0	0	0
0.517784	1	1	0	1	1	1	0	0	0	1	1	1	0	0	0	1	1	1	0	1	1	0	0	1	1	1	1	1	1	0	0	0	1	2	1	1	0	2	0	2	2	0	0	2	0	2	0	0	0	2	2	0	0	0	0	0	0	0	0	0	1	0	0	0
-0.541147	1	1	1	0	1	0	0	0	1	0	1	1	0	0	1	0	0	0	1	1	1	2	0	1	1	1	1	0	0	0	0	0	0	1	2	1	0	1	1	1	1	1	0	2	0	1	2	2	0	0	0	0	1	0	0	0	0	0	0	0	1	2	0	0
0.562858	0	0	0	1	1	0	0	1	0	0	1	1	0	1	2	0	0	0	0	1	1	0	0	1	0	0	1	2	1	0	0	0	2	1	1	1	0	1	0	0	1	0	1	0	1	0	1	1	1	0	0	1	1	0	1	0	0	0	0	0	2	0	0	0
-0.055695	0	0	1	0	2	0	0	0	1	0	1	0	1	1	0	0	0	0	1	1	0	1	0	0	1	0	0	0	0	0	0	0	1	1	0	1	0	0	0	1	0	0	0	0	1	1	0	0	1	1	1	0	1	1	1	0	0	0	1	0	1	2	0	0
-0.577057	1	0	1	1	1	1	1	1	1	0	1	1	0	0	1	0	1	0	0	2	1	0	0	2	1	1	1	1	1	0	2	0	1	0	0	0	0	0	1	0	0	2	0	0	2	0	0	1	1	0	0	1	0	1	2	0	1	0	0	0	0	1	0	0
0.392801	1	2	1	1	0	1	1	0	0	2	0	2	0	0	1	0	0	0	0	1	2	1	0	2	2	0	1	1	2	0	0	1	1	1	1	0	0	0	1	0	2	0	0	2	0	1	1	1	0	1	1	0	0	0	0	0	0	0	0	0	0	1	0	0
0.489563	1	1	0	1	0	1	1	1	1	0	1	1	1	1	2	1	1	0	1	1	0	2	0	1	1	0	0	0	0	0	0	1	1	0	0	0	0	1	1	1	0	1	0	1	0	0	2	2	0	0	0	0	1	2	2	0	2	0	0	0	1	1	0	1
0.448336	0	0	0	0	1	0	0	0	1	1	0	2	0	0	0	1	0	0	2	0	1	0	0	0	0	0	0	0	0	0	1	0	0	2	0	0	0	1	1	1	1	0	0	2	0	1	1	1	0	1	1	0	0	2	1	0	1	1	0	1	0	0	0	0
-0.516213	0	0	0	2	0	1	1	1	1	2	0	2	0	0	1	1	0	0	0	0	0	2	0	1	1	1	1	1	1	0	0	0	1	0	0	1	0	0	1	0	1	1	0	1	0	0	2	2	0	0	0	1	1	0	0	0	0	0	0	0	0	1	0	0
0.333557	1	1	0	0	1	0	1	0	1	0	1	1	2	2	1	0	1	0	1	1	0	0	0	0	0	0	0	2	0	0	0	1	0	2	0	0	0	0	0	0	1	1	0	1	1	1	0	0	1	1	1	0	1	0	1	0	0	0	0	0	0	1	0	0
-0.638739	0	0	0	2	0	2	2	2	1	0	1	0	0	1	0	0	0	0	1	0	1	0	0	0	0	0	0	1	0	0	1	1	0	0	1	0	0	0	1	0	1	0	1	0	1	0	0	1	1	0	1	0	1	0	0	0	-9	0	0	0	1	0	0	0
0.430587	0	0	0	1	0	1	1	1	1	0	2	0	0	0	1	0	1	0	0	1	0	0	0	1	1	0	0	2	0	1	0	0	1	0	1	0	0	0	0	1	1	1	0	1	0	0	2	2	0	0	0	1	1	0	0	0	0	0	0	0	2	1	0	0
-0.228106	1	1	0	0	0	0	1	0	0	0	1	0	0	0	2	0	0	0	0	2	0	0	0	0	0	1	1	1	1	0	0	0	2	1	0	1	0	1	1	0	1	1	0	1	0	1	1	2	0	1	1	0	0	2	2	1	2	0	1	0	1	0	0	0
-0.386716	0	0	0	1	0	1	1	0	0	0	0	1	0	0	1	0	0	0	0	1	1	1	0	0	0	0	0	0	0	0	0	0	0	1	1	0	0	1	0	1	2	0	0	1	1	1	0	0	1	1	1	0	1	1	2	0	1	0	1	1	0	0	0	0
0.467018	0	0	0	1	1	1	1	1	0	0	2	0	0	0	1	0	0	0	0	0	1	2	1	2	1	0	1	1	1	0	0	0	1	1	2	1	0	1	1	1	0	1	0	1	1	0	1	1	1	0	0	0	1	1	1	0	1	0	0	0	1	1	0	0
-0.550461	1	2	0	1	0	1	1	0	1	0	2	0	0	0	2	1	0	0	0	0	0	2	0	0	0	1	1	1	1	0	0	0	1	1	0	0	0	0	0	0	2	0	0	1	1	0	1	1	1	0	0	0	1	0	0	0	0	0	2	0	0	2	0	0
0.521022	0	0	0	1	1	1	0	0	1	0	2	0	0	0	0	0	1	0	0	1	0	0	0	1	1	0	0	0	0	0	0	1	0	0	0	1	0	2	0	2	1	0	0	1	0	2	0	0	0	2	2	0	0	1	1	0	1	0	0	0	2	1	0	0
0.370056	1	1	0	1	0	1	1	1	0	0	0	1	0	0	1	0	0	0	0	2	0	1	1	0	1	0	0	0	0	0	0	0	0	1	1	1	1	1	0	1	1	0	0	1	0	0	2	2	0	0	0	0	0	0	1	0	0	0	0	0	1	1	0	0
0.404482	1	1	0	1	0	1	0	0	0	0	1	0	1	1	1	0	0	0	0	1	0	1	0	1	1	2	2	2	2	0	0	0	0	1	1	0	0	1	0	2	1	0	0	1	0	1	0	1	0	1	2	0	0	2	1	1	1	1	0	0	0	1	0	0
0.518005	1	1	0	0	1	0	1	0	1	0	2	0	0	1	1	0	1	0	1	0	0	2	1	1	1	1	1	1	1	0	0	0	1	0	1	0	0	0	1	0	1	0	1	1	1	0	0	1	1	0	1	0	1	1	1	0	1	0	0	0	1	2	0	0
-0.495174	0	0	0	0	0	0	0	0	0	1	1	1	0	0	1	0	0	0	1	0	1	1	0	1	1	1	2	1	1	0	1	0	1	0	1	0	0	0	0	0	1	1	0	1	1	0	1	1	1	0	0	0	1	1	1	0	1	0	0	0	2	2	1	1
-0.282193	1	1	0	2	0	1	2	2	0	0	1	0	0	0	1	0	1	0	0	1	0	0	0	1	1	1	2	2	2	0	1	0	2	1	1	1	0	1	0	1	2	0	0	1	0	1	1	1	0	1	1	0	0	0	0	0	0	1	0	0	1	1	0	0
0.358222	0	0	1	0	1	0	1	0	0	1	1	1	0	0	1	1	1	0	1	0	1	1	0	1	0	0	0	1	0	1	0	0	2	0	0	1	0	2	1	1	0	1	0	0	1	0	1	1	1	0	0	0	1	1	1	0	1	0	1	0	1	0	0	0
0.487295	0	0	0	1	0	0	0	0	1	0	2	0	0	0	0	0	1	0	0	0	2	1	0	0	0	1	1	1	2	0	2	2	1	1	0	0	0	2	2	0	0	2	0	1	1	0	1	1	1	0	0	0	2	2	2	1	2	0	0	0	0	2	0	0
-0.631016	1	1	0	0	1	0	0	0	1	1	0	2	0	0	0	0	1	0	0	2	1	2	0	1	1	1	2	2	2	0	1	0	1	1	0	1	0	1	0	0	0	1	1	0	1	0	1	1	1	0	0	0	1	0	0	0	0	0	0	0	0	2	0	0
