D	rs17035173	rs7630912	rs2071559	rs6533974	rs2561045	rs166241	rs10872499	rs12672144	rs10241665	rs4378046	rs10816986	rs2129530	rs1365251	rs2965106	rs4803750	rs1135062	rs28399637	rs8113311	rs1871045	rs10402271	rs4803760	rs3852856	rs519825	rs4803766	rs395908	rs519113	rs387976	rs6859	rs157580	rs2075650	rs1160985	rs405509	rs440446	rs72654473	rs439401	rs7259004	rs6041029
-0.347322	0	1	0	2	1	0	0	1	1	0	0	0	1	1	0	0	1	0	1	1	0	0	1	0	0	0	1	1	1	1	0	0	1	0	1	0	1
-0.482204	0	2	1	2	1	0	1	0	1	0	0	0	1	0	0	0	1	0	0	2	0	2	0	2	0	0	0	0	0	0	1	2	0	1	0	1	1
-0.382862	0	0	1	1	0	1	0	2	1	1	0	1	0	1	0	0	1	0	0	2	0	1	1	1	0	0	0	1	0	1	2	2	0	0	0	0	1
-0.476194	2	1	2	1	0	0	0	1	0	1	2	0	0	1	0	1	0	1	1	0	0	0	1	0	0	0	1	1	1	1	0	0	1	0	1	0	2
-0.436207	0	1	0	1	1	1	1	1	0	1	1	1	1	1	0	1	1	0	1	1	0	1	1	1	0	0	0	0	0	0	2	2	0	1	0	1	0
-0.318974	1	1	2	0	1	1	1	0	1	0	0	2	1	0	0	0	0	1	0	1	1	0	1	1	1	1	1	2	0	1	1	1	1	0	2	1	0
-0.426596	0	1	0	2	2	2	1	1	0	1	0	1	0	0	0	1	1	1	1	0	1	0	1	1	1	1	1	2	1	0	1	1	1	0	1	0	1
-0.444287	1	1	0	2	1	1	1	1	1	0	1	1	1	2	0	1	2	0	1	1	0	1	0	2	0	1	0	0	1	0	1	1	1	0	1	0	0
-0.497091	2	1	0	0	1	0	0	1	1	1	1	1	2	0	0	1	1	2	0	0	2	1	0	2	1	1	1	1	1	0	1	1	1	0	1	0	0
-0.332319	0	1	1	0	1	0	0	0	0	0	0	1	1	1	0	0	1	1	1	0	1	0	0	0	0	0	2	0	2	0	0	0	2	0	2	0	1
-0.416578	1	2	2	1	1	0	0	0	0	1	1	1	1	1	0	1	1	0	2	0	1	0	1	1	0	1	0	1	1	1	0	0	1	0	1	0	0
-0.380822	1	0	1	0	0	1	1	1	1	1	0	0	1	1	0	1	1	0	1	1	0	1	1	1	0	0	0	1	1	0	1	1	1	0	1	0	1
-0.431969	1	2	1	0	1	0	0	0	0	1	0	0	1	1	0	0	1	0	1	1	0	1	0	1	0	0	1	0	1	0	0	0	1	0	1	0	0
-0.433644	1	1	1	0	2	2	1	1	1	1	0	0	2	0	0	1	2	0	0	2	0	0	2	0	0	0	0	2	0	2	0	0	1	0	1	0	0
-0.490514	0	1	1	0	0	0	1	2	1	0	0	0	1	2	0	1	1	0	2	0	0	0	0	1	1	1	2	0	1	1	0	0	1	0	1	0	0
-0.422344	1	1	1	1	0	0	0	0	1	0	1	0	2	0	0	1	0	1	1	0	0	0	1	0	0	0	1	1	1	0	1	1	1	0	0	0	1
-0.347481	0	0	0	1	1	0	0	1	0	0	1	0	0	2	0	1	1	2	0	0	1	0	1	0	0	0	1	1	1	0	1	1	1	0	1	0	0
-0.340496	1	1	2	1	1	0	1	1	1	-9	1	1	1	0	0	2	0	0	2	0	0	0	1	0	0	0	1	1	1	0	1	1	1	0	1	1	1
-0.559074	1	1	0	0	1	0	1	1	0	0	0	1	1	0	0	1	0	1	1	0	0	0	1	1	0	1	0	0	0	0	1	2	0	1	1	1	0
-0.432422	1	1	1	2	0	0	0	1	2	1	1	1	1	1	0	1	0	0	2	0	0	0	1	0	0	0	1	1	1	0	1	1	1	0	1	0	2
-0.356798	0	1	1	1	2	0	2	0	1	1	1	0	2	1	1	1	0	0	1	1	0	1	1	1	0	0	0	1	1	0	1	1	1	0	1	0	1
-0.31635	1	2	1	0	1	1	0	1	2	1	0	2	1	0	0	1	0	1	0	1	0	1	1	1	0	0	0	1	0	0	1	2	0	1	0	0	0
-0.450085	1	2	2	1	0	0	2	0	0	1	0	0	2	0	0	1	1	0	1	1	0	1	1	1	0	0	0	1	1	0	1	1	1	0	1	1	1
-0.516588	2	1	1	0	0	1	0	1	0	0	2	1	0	0	0	1	1	1	0	0	1	0	1	0	0	0	1	1	0	1	1	1	1	0	1	0	1
-0.348463	2	1	2	0	0	0	0	1	0	0	0	0	2	1	0	1	0	0	1	1	0	1	1	1	0	1	0	0	1	0	1	1	1	0	1	0	0
-0.511018	1	2	0	0	1	1	0	0	1	0	0	1	1	2	1	0	1	0	1	1	1	1	1	1	0	0	0	1	0	0	2	2	0	0	0	1	1
-0.386488	1	1	1	0	1	1	1	1	1	1	1	0	1	1	0	0	1	1	0	1	1	0	1	0	0	0	1	1	0	1	0	0	1	0	1	0	1
-0.408341	1	0	2	0	1	1	2	2	0	0	0	0	1	0	0	0	0	1	0	1	1	0	1	1	1	1	1	2	0	1	1	1	1	0	2	0	0
-0.484413	1	1	1	0	1	0	1	0	1	1	2	0	0	1	1	1	0	1	0	1	0	0	1	0	0	0	1	1	1	0	1	1	1	0	1	0	0
-0.529679	0	2	2	1	2	1	2	2	2	0	1	1	1	0	0	1	0	1	0	1	0	0	2	0	0	0	0	2	0	0	2	2	0	0	0	0	0
-0.439062	0	1	2	0	1	0	1	0	0	0	1	0	1	1	0	1	0	0	2	0	0	0	1	1	0	1	0	1	1	1	0	0	1	0	1	0	0
-0.495237	1	1	1	0	1	0	1	0	2	0	2	1	0	2	0	0	2	1	0	1	1	1	0	1	0	0	1	1	1	0	1	1	1	0	1	0	1
-0.473537	1	1	1	1	2	2	0	1	0	1	0	0	1	1	0	1	1	2	0	0	1	0	1	1	1	1	1	2	0	1	1	1	0	0	0	0	1
-0.370421	0	1	2	0	1	1	2	2	0	1	0	1	1	1	0	0	1	0	1	1	0	1	0	1	0	0	1	0	1	0	1	1	1	0	0	0	0
-0.486956	1	1	1	1	1	1	0	1	2	1	1	1	1	1	0	1	0	1	0	1	0	1	1	1	1	1	1	1	0	0	2	2	0	0	1	0	1
-0.570973	1	2	2	1	1	1	0	1	0	0	1	0	0	0	0	0	0	1	0	1	1	1	0	2	1	1	1	1	0	0	2	2	0	0	1	0	0
-0.39776	1	1	1	0	2	1	1	1	0	1	0	0	1	0	0	0	0	1	1	0	2	0	1	1	1	1	1	2	0	1	1	1	0	0	1	0	0
-0.371017	2	1	1	0	1	1	0	1	0	0	0	2	1	1	0	0	1	1	0	1	1	1	0	2	1	1	1	0	2	0	0	1	1	1	1	0	1
-0.437751	0	0	1	1	0	0	0	1	0	0	1	1	1	1	0	0	1	2	0	0	1	0	0	1	0	1	1	0	2	0	0	0	2	0	2	0	1
-0.387373	0	1	2	1	1	2	1	1	0	0	0	1	2	0	0	1	1	0	1	1	0	0	2	0	0	0	0	1	0	1	1	1	0	0	0	0	0
-0.402891	0	2	1	2	2	1	0	0	0	1	1	0	1	0	0	0	0	0	2	0	0	0	2	0	0	0	0	1	0	0	2	2	0	1	0	1	1
0.459461	2	0	2	0	0	0	1	1	0	2	1	2	2	0	0	1	1	1	1	0	0	0	1	0	0	0	1	1	2	0	0	0	2	0	1	0	0
-0.594891	1	1	2	2	1	0	1	0	0	1	0	0	1	1	0	0	1	1	0	1	0	0	1	0	0	0	1	1	1	0	1	1	1	0	1	0	1
0.42135	0	1	2	0	0	1	1	1	0	1	1	1	1	0	0	1	1	0	1	1	0	1	0	1	0	0	1	0	0	0	0	1	0	1	0	1	0
0.459146	0	0	2	1	1	0	1	2	1	1	0	1	2	2	0	0	1	1	0	1	1	1	0	1	0	0	1	0	0	2	0	0	0	0	0	0	0
-0.639723	0	1	2	1	0	1	0	0	1	0	1	0	1	0	0	1	0	2	0	0	1	0	0	2	1	2	1	1	0	0	1	2	0	1	1	0	1
0.414954	1	1	2	2	2	1	0	1	0	0	0	0	2	1	1	0	1	1	0	1	1	0	1	1	1	1	1	2	0	1	1	1	0	0	1	0	1
0.455506	0	1	1	0	1	0	1	0	1	0	0	0	1	2	0	0	1	0	1	1	0	1	0	2	0	1	0	0	1	0	1	1	1	0	1	0	1
-0.475087	0	1	1	0	1	0	0	1	0	1	1	0	0	1	0	2	0	1	1	0	0	1	1	1	0	0	0	1	2	0	0	0	2	0	2	0	1
-0.560919	2	1	1	0	1	1	1	1	0	0	0	0	1	0	0	0	1	0	1	1	0	0	1	0	0	0	1	1	1	1	0	0	2	0	2	0	1
-0.469372	1	1	2	0	1	0	1	1	1	0	1	1	0	0	0	1	0	0	2	0	0	0	0	1	1	1	2	1	0	1	0	1	0	1	0	0	0
-0.0124977	0	0	1	0	1	0	0	1	1	1	0	1	1	0	0	1	0	0	1	1	0	0	2	0	0	0	0	1	0	1	1	1	1	0	1	1	1
-0.56888	0	1	2	2	0	2	0	1	0	0	1	1	0	1	0	1	1	0	1	1	0	1	0	1	0	0	1	0	1	0	1	1	1	0	1	0	0
-0.604259	2	1	0	0	0	1	1	0	0	0	0	1	1	1	0	0	1	0	1	1	0	1	0	1	0	0	1	0	2	0	0	0	2	0	1	0	0
-0.540243	1	0	1	1	2	0	1	2	1	0	1	1	0	1	0	1	1	0	1	1	0	0	2	0	0	0	0	2	1	1	0	0	1	0	1	1	1
0.447493	0	2	1	1	0	0	1	0	1	1	0	0	1	1	0	0	2	0	0	2	0	1	0	2	0	1	0	0	1	1	0	0	1	0	1	0	0
-0.555848	1	1	2	1	1	2	2	0	0	1	1	0	1	2	1	0	0	1	1	0	1	0	0	1	1	1	2	0	2	0	0	1	1	1	1	0	0
0.524013	1	1	1	1	1	1	0	0	1	1	1	1	1	0	0	0	0	0	1	1	0	1	0	1	0	0	1	0	1	0	1	1	1	0	0	0	0
0.383564	2	1	1	1	1	1	0	1	0	0	1	0	0	0	0	1	0	0	1	1	0	1	1	1	0	0	0	1	0	2	0	0	1	0	1	0	0
0.496332	0	2	1	1	2	1	1	0	0	1	1	0	1	0	0	0	1	0	1	1	0	0	1	0	0	0	1	1	1	1	0	0	1	0	0	0	0
-0.510092	1	0	2	1	2	1	0	2	0	1	1	1	1	0	0	1	0	1	1	0	0	0	1	0	0	0	1	1	1	0	1	1	1	0	1	0	0
-0.590454	1	1	1	0	1	1	1	2	1	1	0	1	1	2	0	0	2	0	0	2	0	1	0	1	0	0	1	0	1	0	1	1	1	0	1	0	0
-0.62907	1	1	2	0	1	2	2	1	-9	1	0	2	1	1	1	0	0	1	0	1	1	1	0	2	2	2	2	1	1	0	1	2	0	1	1	1	1
-0.543466	0	1	1	2	1	2	2	1	1	1	0	0	2	0	0	1	0	1	1	0	1	0	0	2	1	2	1	2	0	0	1	2	0	1	1	0	0
-0.596421	0	1	0	0	1	1	0	1	1	1	1	1	1	0	0	0	0	2	0	0	1	0	1	1	1	1	1	2	0	0	2	2	0	0	1	0	0
-0.545132	1	1	0	2	0	1	0	1	1	1	0	0	0	0	0	0	0	0	0	2	0	2	0	2	0	0	0	0	0	0	2	2	0	0	0	0	1
0.386014	2	2	1	0	1	0	0	2	2	1	1	0	2	0	0	0	2	1	0	1	1	0	1	0	0	0	1	1	1	1	0	0	1	0	1	0	1
-0.534411	1	1	1	0	0	2	1	0	0	0	2	1	2	2	0	0	2	1	0	1	1	0	1	0	0	0	1	1	1	1	0	0	1	0	1	0	0
0.337345	0	1	1	0	1	0	0	0	0	1	1	1	0	2	0	1	1	0	1	1	0	0	2	0	0	0	0	2	1	1	0	0	1	0	1	0	1
0.410954	0	1	0	0	0	1	1	0	0	1	1	1	1	0	0	0	2	1	0	1	1	1	0	2	1	1	1	1	1	1	0	0	1	0	1	0	1
0.430935	0	1	1	0	2	1	0	0	1	2	0	0	1	0	0	0	0	0	1	1	0	1	0	1	0	0	1	0	1	0	1	1	1	0	1	0	1
-0.0154272	0	2	0	0	2	0	1	0	0	0	2	0	2	0	0	0	1	1	0	1	1	1	0	2	1	1	1	1	0	1	1	1	0	0	0	0	0
0.362875	0	1	1	1	1	0	0	0	1	0	1	1	2	1	0	0	0	0	1	1	0	1	1	1	0	0	0	1	0	1	1	1	0	0	0	0	0
0.443202	1	1	1	1	2	1	1	1	0	0	1	0	1	1	0	1	0	0	1	1	0	1	1	1	0	0	0	0	2	0	0	2	0	1	0	0	0
0.364104	1	1	0	2	2	1	0	1	0	1	0	1	0	0	0	1	0	1	1	0	1	0	1	1	1	1	1	1	1	0	1	1	1	0	2	0	1
0.472199	1	1	1	0	1	1	0	0	1	1	0	1	2	1	0	0	1	0	1	1	0	0	1	0	0	0	1	1	1	0	1	1	1	0	1	0	0
0.424742	1	2	2	1	0	1	0	0	1	0	1	1	2	0	0	0	1	0	1	1	0	0	1	0	0	0	1	1	1	1	0	0	0	0	0	0	1
0.480386	0	1	2	0	0	1	0	0	2	0	1	0	0	1	0	0	1	0	1	1	0	0	2	0	0	0	0	2	0	2	0	0	0	0	0	0	1
0.424261	0	1	1	1	1	0	0	1	0	1	1	1	1	1	0	1	2	1	0	1	1	1	0	2	1	1	1	1	0	1	1	1	0	0	0	0	0
0.416301	2	0	0	1	2	2	1	1	1	0	1	0	1	0	0	0	1	1	1	0	1	0	1	1	1	1	1	2	0	2	0	0	0	0	0	1	1
0.487154	0	2	1	0	0	2	0	0	1	1	0	0	2	1	0	1	0	1	1	0	0	1	1	1	0	0	0	0	0	0	2	2	0	1	0	1	2
-0.486798	1	0	1	1	1	0	1	2	1	0	0	1	2	1	0	0	2	1	0	1	1	1	0	1	0	0	1	0	1	0	0	0	1	0	1	0	2
0.416557	1	2	0	0	0	1	2	2	0	0	0	0	0	0	0	1	1	0	1	1	0	1	1	1	0	0	0	1	1	0	1	1	1	0	1	1	0
0.541788	1	0	0	0	2	0	1	2	1	0	1	1	2	1	0	1	0	1	1	0	0	0	1	0	0	0	1	1	1	0	1	1	1	0	1	0	0
-0.506085	2	0	0	1	1	0	2	0	1	1	2	0	0	1	0	1	0	0	2	0	0	1	1	1	0	0	0	0	0	0	2	2	0	0	0	1	2
0.465288	1	-9	1	0	0	0	2	1	0	1	0	0	0	0	0	0	1	0	0	2	0	1	1	1	0	0	0	1	0	1	1	1	0	0	0	0	1
-0.69571	1	1	1	1	1	1	1	1	0	1	2	0	0	0	0	0	1	0	1	1	0	0	1	0	0	0	1	1	1	0	1	1	1	0	0	0	2
-0.601396	0	1	2	1	1	0	1	0	1	0	2	0	1	1	0	1	1	0	1	1	0	1	0	2	1	1	1	0	0	1	1	1	0	0	0	0	0
0.364427	1	1	1	0	1	1	1	1	1	0	2	0	1	1	0	0	1	1	1	0	0	0	2	0	0	0	0	2	0	2	0	0	0	0	0	0	0
0.505458	2	0	0	0	1	0	0	1	1	0	1	1	0	1	0	0	0	1	1	0	1	0	1	0	0	0	2	0	1	0	0	1	1	1	1	0	0
0.424436	1	1	1	0	0	0	2	2	1	0	0	0	2	1	0	1	2	0	0	2	0	0	1	1	0	1	0	1	0	1	1	1	0	0	0	0	2
-0.613835	2	0	0	1	1	0	0	1	0	0	1	1	1	2	0	0	2	0	0	2	0	1	1	1	0	0	0	1	0	1	1	1	0	0	0	0	1
-0.555789	2	2	1	1	2	2	1	1	1	0	1	0	1	1	0	1	1	0	1	1	0	0	1	1	0	1	0	1	1	1	0	0	1	0	1	0	1
0.334746	1	1	2	0	0	0	1	1	-9	1	1	0	1	2	0	0	1	0	1	1	0	1	0	1	0	0	1	0	1	0	0	1	1	1	1	1	1
-0.20547	0	1	2	1	1	1	1	1	0	0	1	0	1	1	0	1	1	0	1	1	0	0	2	0	0	0	0	2	0	1	1	1	0	0	0	0	0
0.4745	0	1	2	0	2	0	0	1	0	0	0	1	1	0	0	1	0	0	2	0	0	0	1	0	0	0	1	0	1	0	1	1	1	0	0	0	0
0.439397	0	1	0	0	1	0	1	1	0	1	0	1	2	1	0	1	0	1	1	0	1	0	0	1	0	1	1	0	1	0	1	1	1	0	0	0	0
0.438586	0	1	2	1	1	0	0	2	1	0	0	0	1	0	0	1	0	0	2	0	0	0	0	1	0	1	1	0	2	0	0	1	2	0	2	0	0
-0.507038	1	1	1	0	0	2	1	1	0	0	1	0	0	0	0	0	0	1	0	1	0	1	1	2	1	1	1	1	1	0	1	1	1	0	2	0	2
